10 0.683 0.687 0.6896666671875 0.6925 0.7093333328125 0.7030000000000001 0.7236666671875 0.706 0.7566666671875 0.7065 0.7769999999999999 0.705 0.7946666671875 0.7005 0.8076666671874999 0.69375 0.82 0.68525 0.8333333328125001 0.67 0.8376666671875 0.6587500000000001 0.8376666671875 0.64225 0.826 0.61975 0.7950716671875 0.58995675 0.7856666671875 0.55925 0.7723333328125 0.5475 0.7666666671875 0.5455 0.7613333328125 0.54575 0.7496903328125 0.575132 0.7069786671875 0.58154275 0.671 0.59925 0.6656666671875 0.60375 0.658 0.61525 0.6546666671875 0.628 0.6546666671875 0.63775 0.6576666671875 0.65 0.6656666671875 0.6645 0.683 0.687
10 0.8183333328125 0.611 0.8233333328124999 0.6132500000000001 0.845 0.61575 0.8583333328125 0.6155 0.8723333328124999 0.61375 0.8953333328124999 0.608 0.9123333328125 0.59675 0.9243333328125001 0.58425 0.9289999999999999 0.57625 0.9306666671875 0.564 0.9276666671875 0.55275 0.9223333328125 0.54075 0.916 0.53125 0.9026666671875001 0.51825 0.8893333328124999 0.50925 0.8773333328125 0.504 0.861 0.49974999999999997 0.842 0.49725 0.8300000000000001 0.49775 0.8106666671875 0.50175 0.7953333328125 0.50725 0.783 0.51375 0.7743333328124999 0.521 0.7663333328124999 0.529 0.7616666671875 0.54075 0.7606666671875 0.54475 0.7829843328125 0.553302 0.8003333328125001 0.5965 0.8183333328125 0.611
8 0.6033333328125 0.54725 0.619 0.5525 0.654 0.55525 0.693 0.54925 0.732 0.5387500000000001 0.767 0.526 0.8343333328125 0.49400000000000005 0.8532673328125 0.4748265 0.8556573328124999 0.456592 0.8847343328124999 0.44433625 0.8811496671875 0.4350695 0.839326 0.43686299999999995 0.808 0.42675 0.751 0.42424999999999996 0.7096666671875 0.42474999999999996 0.658 0.42750000000000005 0.642 0.4295 0.619 0.4345 0.61 0.43724999999999997 0.603 0.441 0.5796666671875 0.45599999999999996 0.572 0.46675000000000005 0.5683333328125 0.47800000000000004 0.5676666671875 0.488 0.5690000000000001 0.493 0.6003350000000001 0.50890375 0.6033333328125 0.54725
2 0.6153333328125 0.42000000000000004 0.624 0.42925 0.6306666671875 0.4305 0.745 0.42374999999999996 0.748 0.42300000000000004 0.7673333328124999 0.40774999999999995 0.7793333328125 0.393 0.7946666671875 0.3685 0.7996666671875 0.35724999999999996 0.8013333328125001 0.3445 0.8003333328125001 0.337 0.7953333328125 0.32599999999999996 0.7793333328125 0.3105 0.7633333328125 0.29975 0.7402336671875 0.29422675 0.7205426671875 0.29924575 0.7164556671875 0.28920825 0.701 0.28250000000000003 0.686 0.2805 0.6693333328125 0.28125 0.643 0.28700000000000003 0.635 0.2905 0.614 0.30274999999999996 0.6036666671875001 0.3105 0.6006666671875001 0.3145 0.6116843328125 0.3413475 0.6026666671875 0.369 0.609 0.4085 0.6153333328125 0.42000000000000004
12 0.46266666718750005 0.74 0.48200000000000004 0.7502500000000001 0.506 0.7495 0.5253333328124999 0.74425 0.536 0.74 0.545 0.7344999999999999 0.5526666671875 0.7275 0.5633333328125001 0.71375 0.5690000000000001 0.70125 0.5706666671875 0.6935 0.5690000000000001 0.6805 0.5623333328125 0.666 0.5549999999999999 0.65675 0.5309999999999999 0.642 0.514 0.637 0.47355666718749995 0.6382162499999999 0.445 0.649 0.4346666671875 0.65625 0.4263333328125 0.666 0.422 0.67725 0.4223333328125 0.70025 0.42533333281249996 0.71075 0.4306666671875 0.71875 0.46266666718750005 0.74
5 0.299211 0.43179625 0.3359466671875 0.45163175000000005 0.369211 0.48204624999999995 0.375211 0.48404625 0.3905443328125 0.48504625 0.4205443328125 0.48454625 0.43121099999999996 0.48279625 0.4965443328125 0.46229624999999996 0.5198776671875 0.45454625000000004 0.5278776671875 0.45029624999999995 0.5715886671875 0.43837025 0.5899106671875 0.3903805 0.5985326671875 0.359915 0.5924253328125 0.33753774999999997 0.5852403328125 0.32351825 0.5737443328125 0.3022195 0.5298776671875001 0.27979625 0.5116206671875 0.26806874999999997 0.4818026671875 0.25135325000000003 0.43545933281250004 0.245961 0.40707833281249994 0.26051975 0.373211 0.26804625 0.3558776671875 0.27504625 0.33558733281249997 0.29016675 0.309362 0.3025685 0.3003806671875 0.31685775 0.2982253328125 0.34381825 0.286211 0.37829625 0.2825443328125 0.39679625 0.283211 0.40354625000000005 0.2868776671875 0.41604625000000006 0.299211 0.43179625
3 0.34500000000000003 0.6645 0.3533333328125 0.67075 0.369 0.6775 0.3956666671875 0.6832499999999999 0.42077299999999995 0.6735945 0.43161433281250006 0.646075 0.447239 0.64152825 0.48231466718749993 0.63722075 0.5330146671875 0.640571 0.5658583328125 0.666176 0.5728733328125 0.6769445000000001 0.6063333328125 0.674 0.615 0.66625 0.631 0.645 0.6462133328124999 0.62767425 0.6002963328125 0.6094875 0.5830773328125 0.59177925 0.5582053328125001 0.56976375 0.593919 0.5616275 0.5996586671874999 0.546791 0.6 0.51725 0.592 0.5055 0.5836666671875 0.5005 0.563 0.49375 0.47466666718750006 0.47824999999999995 0.4583333328125 0.47824999999999995 0.3956666671875 0.49275 0.36 0.50925 0.3533333328125 0.51375 0.3456666671875 0.5215 0.3206666671875 0.568 0.31766666718750003 0.57925 0.318 0.592 0.3243333328125 0.62325 0.3376666671875 0.65525 0.34500000000000003 0.6645
6 0.21200000000000002 0.72475 0.263 0.7685 0.292 0.7905 0.346 0.82725 0.37733333281250003 0.84575 0.3923333328125 0.8522500000000001 0.4146666671875 0.859 0.4423333328125 0.8622500000000001 0.45933333281250005 0.86175 0.47066666718750005 0.85975 0.477 0.85725 0.499 0.8455 0.5076666671875001 0.8342499999999999 0.514 0.8164999999999999 0.5146666671875 0.80275 0.506 0.7815000000000001 0.4996666671875 0.77225 0.4886666671875 0.76025 0.47466666718750006 0.749 0.1776666671875 0.55225 0.1646666671875 0.54475 0.158 0.5415 0.143 0.537 0.10333333281249998 0.52975 0.0956666671875 0.5305 0.076 0.5425 0.075 0.545 0.086 0.581 0.0923333328125 0.591 0.21200000000000002 0.72475
0 0.1953333328125 0.56075 0.22033333281249998 0.5735 0.22799999999999998 0.5755 0.24500000000000002 0.57725 0.2793333328125 0.57775 0.314 0.5700000000000001 0.3183333328125 0.5665 0.32799999999999996 0.55425 0.3523333328125 0.51 0.3523333328125 0.491 0.3503333328125 0.47824999999999995 0.343 0.46275000000000005 0.337 0.45549999999999996 0.315 0.43925000000000003 0.2946666671875 0.4305 0.27999999999999997 0.42824999999999996 0.2626666671875 0.42824999999999996 0.24733333281249997 0.43 0.21000000000000002 0.43825000000000003 0.196 0.4445 0.1846666671875 0.45175 0.17366666718749998 0.4615 0.162 0.47800000000000004 0.158 0.48575 0.1563333328125 0.493 0.156 0.50875 0.1586666671875 0.52125 0.17466666718749999 0.5445 0.1953333328125 0.56075
2 0.103993 0.418255 0.1266596671875 0.43550500000000003 0.150993 0.449505 0.1666596671875 0.45675499999999997 0.17465966718749998 0.457505 0.1942633328125 0.4438955 0.2267696671875 0.43220650000000005 0.2806596671875 0.42475500000000005 0.2853263328125 0.420505 0.2853263328125 0.36450499999999997 0.2776596671875 0.34475500000000003 0.26832633281249996 0.333505 0.23232633281249998 0.30600499999999997 0.222993 0.30200499999999997 0.2051193328125 0.298979 0.20222433281250002 0.28404275 0.1790653328125 0.28865949999999996 0.16459066718749998 0.30087975 0.1353263328125 0.30600499999999997 0.12299299999999999 0.310005 0.11099300000000001 0.317005 0.10432633281249999 0.324755 0.083993 0.359255 0.08099300000000001 0.368755 0.08065966718749999 0.380255 0.0843263328125 0.391505 0.0926596671875 0.40525500000000003 0.103993 0.418255
1 0.2986666671875 0.22275 0.373 0.23275 0.43600000000000005 0.23325 0.47400000000000003 0.22799999999999998 0.5136666671875 0.21725 0.5856666671874999 0.192 0.5976666671875 0.1855 0.6043333328125 0.17775000000000002 0.6083333328125 0.16975 0.604 0.158 0.588 0.15425 0.5684576671875 0.1517305 0.5403629999999999 0.159212 0.500033 0.17315475 0.4728446671875 0.17281475 0.3464173328125 0.1772355 0.2683333328125 0.1755 0.258 0.1775 0.234944 0.16771375 0.2227093328125 0.17009425 0.26 0.202 0.28300000000000003 0.21725 0.2986666671875 0.22275
1 0.2592136671875 0.3065 0.2628803328125 0.3085 0.2951333328125 0.327702 0.311662 0.29953375000000004 0.338866 0.28919675 0.353673 0.27188249999999997 0.373301 0.264905 0.40119366718749994 0.2633545 0.423921 0.2512085 0.4463036671875 0.246557 0.4810833328125 0.25069175 0.5117306671875 0.265422 0.5234386671875 0.2767925 0.5732136671875 0.256 0.5992136671875 0.2405 0.6222136671875 0.2165 0.6275470000000001 0.20475 0.6262136671875 0.20099999999999998 0.6182136671875 0.19275 0.6132136671875 0.19125 0.6052136671875 0.19125 0.5673683328125 0.1973975 0.517093 0.217296 0.4385806671875 0.23435199999999998 0.3328646671875 0.22737449999999998 0.278113 0.21703774999999997 0.2154406671875 0.16380224999999998 0.2118803328125 0.2065 0.20421366718749998 0.21075 0.196993 0.22381574999999998 0.1928803328125 0.23224999999999998 0.1962136671875 0.24025 0.251547 0.29975 0.2592136671875 0.3065