4 0.5873333328125 0.692 0.5953333328125 0.6925 0.6033333328125 0.6917500000000001 0.5642446671875 0.6593285 0.533 0.6385 0.5106666671875 0.6265 0.5016666671875 0.6245 0.495 0.62675 0.49366666718749996 0.6292500000000001 0.4943333328125 0.6325000000000001 0.5006666671875 0.63875 0.5722686671874999 0.68340025 0.5873333328125 0.692
4 0.5366666671875 0.693 0.503 0.64825 0.4956666671875 0.64125 0.48966666718749996 0.63825 0.4773333328125 0.63825 0.4783333328125 0.64275 0.48566666718749996 0.65525 0.517 0.69325 0.5366666671875 0.693
4 0.46474733281249997 0.68941825 0.4746973328125 0.69062175 0.48 0.6950000000000001 0.495 0.6950000000000001 0.497 0.693 0.4813333328125 0.679 0.4756666671875 0.666 0.4726666671875 0.663 0.4650683328125 0.6542732499999999 0.45133333281250004 0.64775 0.4436666671875 0.65025 0.441 0.6527499999999999 0.449 0.6645 0.4556666671875 0.67225 0.46025400000000005 0.6831595 0.46474733281249997 0.68941825
4 0.4176666671875 0.697 0.42000000000000004 0.69775 0.43499999999999994 0.69725 0.43833333281250003 0.6940000000000001 0.441 0.67 0.4403333328125 0.6545 0.43533333281250003 0.6487499999999999 0.4286666671875 0.649 0.42366666718749996 0.65125 0.421 0.66425 0.4206666671875 0.67666675 0.41966666718749995 0.6855 0.4176666671875 0.6905 0.4176666671875 0.697
4 0.41733333281249996 0.697 0.4223333328125 0.6705 0.422 0.6639999999999999 0.41966666718749995 0.661 0.41200000000000003 0.66025 0.40599999999999997 0.666 0.40433333281249995 0.67425 0.3973333328125 0.6912499999999999 0.397 0.69725 0.399 0.6980000000000001 0.4113333328125 0.6985 0.41733333281249996 0.697
4 0.408259 0.6439225000000001 0.400556 0.649459 0.375842 0.7002505 0.390606 0.70000975 0.41200000000000003 0.657 0.414678 0.6475332500000001 0.408259 0.6439225000000001
4 0.391 0.67 0.393 0.662 0.40700000000000003 0.64625 0.40933333281250006 0.6385 0.40766666718750005 0.63 0.404 0.6295 0.3996666671875 0.63075 0.3886666671875 0.642 0.3803333328125 0.6555 0.3593333328125 0.701 0.3752 0.70097275 0.382903 0.688696 0.391 0.67
4 0.7711666671875 0.63325 0.7853333328125001 0.63175 0.8086666671874999 0.63175 0.836 0.623 0.8533333328125 0.6207499999999999 0.8596666671875001 0.6165 0.865 0.615 0.859 0.60725 0.8533333328125 0.604 0.849 0.603 0.8336666671874999 0.6052500000000001 0.8029999999999999 0.6134999999999999 0.7876666671875 0.616 0.7596666671875 0.61825 0.732 0.6235 0.7253333328125 0.627 0.726 0.6325000000000001 0.736 0.639 0.752 0.64 0.7711666671875 0.63325
4 0.701 0.59425 0.6936666671875 0.59225 0.6346666671875 0.59375 0.6408896671875 0.6087782500000001 0.702 0.6054999999999999 0.7066666671874999 0.5995 0.701 0.59425
4 0.6583333328125 0.37174999999999997 0.6599999999999999 0.37675000000000003 0.6786666671875 0.39075000000000004 0.688 0.40325 0.6936666671875 0.40774999999999995 0.6953333328125 0.41224999999999995 0.7006666671875 0.41825 0.709 0.426 0.718 0.429 0.7206666671875 0.4325 0.7230000000000001 0.42774999999999996 0.722 0.42225 0.7183333328125 0.41525 0.7030000000000001 0.39525 0.6973333328125 0.381 0.6933333328125 0.376 0.6763333328125001 0.36375 0.661 0.34175 0.6503333328124999 0.3355 0.6463333328124999 0.335 0.635 0.33775 0.6293333328124999 0.343 0.6296666671875 0.351 0.633 0.35550000000000004 0.6433333328125 0.36324999999999996 0.6583333328125 0.37174999999999997
4 0.637 0.394 0.6423333328124999 0.39649999999999996 0.6603333328125001 0.4095 0.6693333328125 0.41425 0.674 0.41525 0.6773333328125 0.414 0.6799999999999999 0.41200000000000003 0.6803333328125001 0.41 0.6786666671875 0.40499999999999997 0.6526666671875 0.381 0.643 0.3635 0.63 0.3525 0.624 0.352 0.6216666671875 0.354 0.62 0.366 0.621 0.377 0.6236666671875 0.38325 0.637 0.394
4 0.6083333328125 0.39875 0.623 0.409 0.626 0.40425000000000005 0.626 0.39975 0.621 0.3765 0.621 0.34525 0.619 0.33975 0.6116666671875 0.33225 0.6053333328125 0.33175 0.5996666671875001 0.33325 0.5953333328125 0.3365 0.5933333328125 0.34175 0.5923333328125 0.35750000000000004 0.5986666671875 0.37775 0.6053333328125 0.393 0.6083333328125 0.39875
4 0.5516666671875 0.40374999999999994 0.5549999999999999 0.399 0.5603333328125 0.39649999999999996 0.5728423328125001 0.3914495 0.584 0.39249999999999996 0.5900000000000001 0.39075000000000004 0.5963333328125 0.38525 0.5986666671875 0.38125 0.5986666671875 0.37675000000000003 0.5926666671875 0.3585 0.5916666671875 0.35775 0.5836666671875 0.3585 0.576 0.3625 0.561 0.37775 0.549 0.3795 0.5386666671875 0.38375 0.532 0.39375 0.5286666671875 0.40800000000000003 0.5293333328125 0.41075 0.545 0.40824999999999995 0.5516666671875 0.40374999999999994
4 0.5908106671875 0.34460375 0.5929496671875001 0.3314485 0.5818263328125 0.32856074999999996 0.5707033328125 0.33273199999999997 0.5630383328125 0.33730925 0.551161 0.3424485 0.5118056671875 0.36378750000000004 0.496139 0.37553749999999997 0.48492100000000005 0.3866465 0.48789066718749996 0.3883595 0.564714 0.36160950000000003 0.5908106671875 0.34460375