6 0.45 0.69325 0.4606666671875 0.70925 0.47066666718750005 0.7175 0.5016666671875 0.7292500000000001 0.5263333328125 0.717 0.544 0.70225 0.5536666671875 0.6855 0.5596666671875 0.66625 0.5633333328125001 0.6205 0.5633333328125001 0.5589999999999999 0.5613333328125 0.53675 0.5546666671875 0.502 0.546 0.47000000000000003 0.5213333328124999 0.40800000000000003 0.5136666671875 0.39449999999999996 0.5056666671875 0.38475000000000004 0.499 0.3795 0.4743333328125 0.36475 0.4643333328125 0.35975 0.45499999999999996 0.35675 0.43533333281250003 0.35825 0.4233333328125 0.36675 0.4183333328125 0.37374999999999997 0.421 0.418 0.4464266671875 0.51123875 0.44699999999999995 0.6849999999999999 0.45 0.69325
6 0.7636666671875 0.26324925 0.7773333328125 0.25874925000000004 0.787 0.25249925 0.8143333328125 0.22949925000000002 0.8213333328125 0.22074924999999998 0.8303333328125 0.20174925 0.8346666671875 0.19649925 0.8373333328125 0.18499925 0.8413333328125001 0.14649925 0.8396666671874999 0.13749925000000002 0.8363333328125 0.12974924999999998 0.8220000000000001 0.11674925 0.818 0.11574925 0.8056666671875 0.12224925 0.7983333328125 0.14349925 0.7966666671875 0.15349925 0.7849999999999999 0.18324925 0.7716666671875 0.19924925 0.7566666671875 0.20924925 0.7463333328124999 0.21924925 0.7373333328125 0.23174925000000002 0.7353333328125 0.23924925 0.7353333328125 0.2462135 0.747 0.26024925 0.7563333328125 0.26274925 0.7636666671875 0.26324925
6 0.2216666671875 0.6285000000000001 0.248 0.6184999999999999 0.3026666671875 0.58775 0.3273333328125 0.571 0.33599999999999997 0.5622499999999999 0.34199999999999997 0.5585 0.3573333328125 0.5417500000000001 0.374 0.51675 0.37666666718749997 0.50225 0.37533333281250003 0.49450000000000005 0.373 0.4915 0.367 0.48724999999999996 0.361 0.48525 0.3486666671875 0.48575 0.33366666718750004 0.493 0.3166666671875 0.506 0.267412 0.55689175 0.20433333281250002 0.58875 0.1963333328125 0.5934999999999999 0.1906666671875 0.5995 0.1876666671875 0.6085 0.1943333328125 0.623 0.20099999999999998 0.629 0.2216666671875 0.6285000000000001
6 0.5956666671875 0.53075 0.615 0.5207499999999999 0.6256666671875 0.5135 0.7110000000000001 0.43224999999999997 0.7193333328125 0.4205 0.729 0.41325 0.73 0.40774999999999995 0.728 0.40525 0.725 0.40374999999999994 0.716 0.40374999999999994 0.7123333328125 0.40499999999999997 0.6953333328125 0.40449999999999997 0.6863333328125 0.40575 0.654 0.422 0.6426666671875 0.42975 0.6123333328125 0.45499999999999996 0.5846666671875 0.48475 0.5700000000000001 0.50575 0.5664153328125 0.5162155 0.5740000000000001 0.52425 0.588 0.52925 0.5956666671875 0.53075
6 0.6423333328124999 0.55175 0.65 0.55175 0.6546666671875 0.54875 0.666 0.5355000000000001 0.6773333328125 0.52525 0.6923333328125 0.5005 0.7233333328125 0.46624999999999994 0.736 0.458 0.751 0.45199999999999996 0.7563333328125 0.44000000000000006 0.7556666671875 0.4305 0.7483333328125 0.4265 0.74 0.426 0.7166666671875 0.4295 0.7123333328125 0.43174999999999997 0.6846666671875 0.45499999999999996 0.653 0.48624999999999996 0.6145836671875 0.52426775 0.6082 0.538196 0.6423333328124999 0.55175
6 0.6573333328125 0.26425 0.663 0.26349999999999996 0.6723333328125001 0.2465 0.7206666671875 0.18475 0.7246666671875001 0.17350000000000002 0.7226666671875 0.16625 0.717 0.15925 0.7086666671875 0.15625 0.6993333328125 0.15475 0.6816666671875 0.16575 0.6656666671875 0.17825 0.6576666671875 0.18825 0.6523333328125 0.19975 0.6336666671875 0.22374999999999998 0.6286666671875001 0.24 0.6276666671875 0.24874999999999997 0.63 0.25575000000000003 0.642 0.26125 0.6573333328125 0.26425
6 0.6076666671875001 0.24500000000000002 0.617 0.2415 0.6253333328124999 0.23399999999999999 0.635 0.21925 0.6583333328125 0.1885 0.6666666671875 0.1785 0.6986666671874999 0.154 0.7 0.15025 0.6873333328125 0.14725 0.6769999999999999 0.14675 0.6543333328125 0.152 0.6146666671875 0.1775 0.5953333328125 0.20099999999999998 0.5893333328125 0.22025 0.5893333328125 0.23224999999999998 0.5933333328125 0.24225 0.596788 0.24479625 0.6076666671875001 0.24500000000000002
0 0.0566666671875 0.16675 0.063 0.1705 0.10800000000000001 0.1715 0.11499999999999999 0.16899999999999998 0.1246666671875 0.162 0.1306666671875 0.15 0.132 0.143 0.1306666671875 0.13525 0.1236666671875 0.12375 0.1076666671875 0.11074999999999999 0.076 0.10300000000000001 0.0486666671875 0.10275000000000001 0.040999999999999995 0.10400000000000001 0.033 0.1075 0.028000000000000004 0.11274999999999999 0.0243333328125 0.12250000000000001 0.025 0.135 0.0283333328125 0.142 0.045666667187499996 0.155 0.0566666671875 0.16675
0 0.0926666671875 0.076 0.10733333281249999 0.0935 0.123 0.09475 0.1403333328125 0.093 0.1536666671875 0.08775 0.16399999999999998 0.07775 0.16699999999999998 0.07175000000000001 0.16299999999999998 0.0605 0.1623333328125 0.04425 0.1543333328125 0.033 0.1366666671875 0.01925 0.10733333281249999 0.010499999999999999 0.095 0.015 0.0836666671875 0.016 0.0793333328125 0.019 0.067 0.03825 0.0666666671875 0.040999999999999995 0.0733333328125 0.06425 0.077 0.06775 0.0926666671875 0.076
0 0.20633333281250002 0.09 0.21433333281250003 0.09075 0.23533333281250002 0.08875 0.2456666671875 0.08399999999999999 0.2556666671875 0.0745 0.25833333281250004 0.05600000000000001 0.2556666671875 0.045 0.252 0.0385 0.242 0.025750000000000002 0.23133333281250001 0.01775 0.21633333281249997 0.01225 0.193 0.01575 0.1816666671875 0.022 0.16999999999999998 0.03225 0.1643333328125 0.040999999999999995 0.1626666671875 0.04775 0.1636666671875 0.0605 0.16899999999999998 0.07125000000000001 0.1926666671875 0.08449999999999999 0.20633333281250002 0.09
0 0.21000000000000002 0.13474999999999998 0.2273333328125 0.12775 0.2633333328125 0.1275 0.2673333328125 0.13075 0.2713333328125 0.13075 0.2726666671875 0.1275 0.2713333328125 0.121 0.2593333328125 0.1035 0.24933333281249997 0.09575 0.2366666671875 0.0915 0.211 0.093 0.2053333328125 0.094 0.1966666671875 0.09775 0.1853333328125 0.10600000000000001 0.1803333328125 0.11174999999999999 0.1783333328125 0.11850000000000001 0.178 0.12925 0.1793333328125 0.13225 0.20099999999999998 0.14475 0.21000000000000002 0.13474999999999998
0 0.289487 0.14671625 0.275 0.134 0.2596666671875 0.12775 0.2276666671875 0.12725 0.2076666671875 0.13325 0.202 0.143 0.2006666671875 0.15 0.2006666671875 0.16725 0.202 0.17325 0.2207493328125 0.1876785 0.289487 0.14671625
0 0.1616666671875 0.2245 0.1646666671875 0.22149999999999997 0.21233333281250003 0.19325 0.2176666671875 0.18925 0.21833333281249998 0.1855 0.21233333281250003 0.18075000000000002 0.1973333328125 0.17225 0.17733333281250002 0.16699999999999998 0.1623333328125 0.16799999999999998 0.1546666671875 0.16924999999999998 0.14666666718750002 0.174 0.13633333281249999 0.1895 0.134 0.1965 0.13333333281249998 0.22075 0.142 0.23174999999999998 0.1463333328125 0.2325 0.1616666671875 0.2245
0 0.064 0.28325 0.068 0.28325 0.1306666671875 0.2435 0.1403333328125 0.23625 0.1403333328125 0.23224999999999998 0.13033333281249998 0.22349999999999998 0.118 0.21800000000000003 0.10733333281249999 0.21575000000000003 0.08 0.21725 0.06999999999999999 0.22200000000000003 0.0596666671875 0.22999999999999998 0.05500000000000001 0.23575 0.052000000000000005 0.24375 0.05 0.25175000000000003 0.051000000000000004 0.26475 0.0643333328125 0.282 0.064 0.28325