5 0.362813 0.39597325 0.3732163328125 0.40670175000000003 0.3686646671875 0.41694224999999996 0.36021200000000003 0.4208435 0.3764673328125 0.43986200000000003 0.379068 0.46034325000000004 0.369315 0.48765175000000005 0.40033333281249994 0.5002500000000001 0.42800000000000005 0.5077499999999999 0.442 0.51125 0.44800000000000006 0.51125 0.5296666671875 0.5035000000000001 0.5383333328125001 0.501 0.5728283328125 0.48765175000000005 0.607 0.45099999999999996 0.6146666671875 0.44325000000000003 0.6156666671875 0.40725 0.6 0.3695 0.5706666671875 0.32999999999999996 0.561 0.32075 0.5523333328125 0.31425000000000003 0.529 0.3055 0.5176666671875 0.3025 0.5065076671875001 0.30088125 0.498055 0.30770825 0.48635133281250004 0.30429475 0.472047 0.2974675 0.44299999999999995 0.29325 0.43099999999999994 0.29300000000000004 0.41566666718749995 0.2965 0.3756666671875 0.321 0.35826166718749997 0.3564735 0.34655800000000003 0.3579365 0.3376666671875 0.36324999999999996 0.3343333328125 0.369 0.3263333328125 0.38875000000000004 0.3290023328125 0.40377575 0.3420063328125 0.39597325 0.362813 0.39597325
1 0.21131733281249998 0.29575 0.23395833281249998 0.29539624999999997 0.2471656671875 0.310962 0.2641466671875 0.3236975 0.2844293328125 0.32723525000000003 0.293863 0.32582025 0.3075423328125 0.33890950000000003 0.32185 0.34463750000000004 0.3445166671875 0.3501375 0.35385 0.3496375 0.3646166671875 0.333603 0.3768806671875 0.321575 0.4150876671875 0.293981 0.43489866718750003 0.29150475 0.43867200000000006 0.27629275 0.4698036671875 0.25046775 0.49055799999999994 0.22287374999999998 0.49574666718750005 0.208723 0.4985766671875 0.18395925 0.49102966718749996 0.1744075 0.467917 0.17723775 0.454238 0.1836055 0.46933199999999997 0.16662475000000002 0.475464 0.1471675 0.48159599999999997 0.1365545 0.47518333281249997 0.12963750000000002 0.46985 0.1256375 0.45685000000000003 0.12513749999999998 0.43489866718750003 0.12983275 0.4014086671875 0.153889 0.3542396671875 0.1821905 0.345749 0.17971399999999998 0.333485 0.18537425000000002 0.314146 0.18855824999999998 0.3014103328125 0.19457225 0.3004666671875 0.18997325 0.32357966718750003 0.17122375 0.3452773328125 0.15035125 0.3471643328125 0.13973825 0.339617 0.129479 0.3240513328125 0.12240374999999999 0.3028253328125 0.12169624999999999 0.28395766718750004 0.1273565 0.2221736671875 0.16295474999999998 0.1919516671875 0.1819455 0.1773556671875 0.20094025000000001 0.1759406671875 0.21438324999999997 0.1863176671875 0.23065675 0.1759406671875 0.23454799999999998 0.16885 0.24863749999999998 0.1691833328125 0.2628875 0.1741833328125 0.2751375 0.18085 0.2856375 0.21131733281249998 0.29575
2 0.6243936671875 0.4712485 0.6165186671875 0.47420175000000003 0.6030179999999999 0.47420175000000003 0.5878303328125 0.4788425 0.5836666671875 0.48600000000000004 0.5860000000000001 0.48949999999999994 0.588 0.49074999999999996 0.614 0.4955 0.6776666671875 0.4955 0.6933333328125 0.4915 0.7110000000000001 0.48224999999999996 0.725 0.4665 0.7323333328125 0.43150000000000005 0.732 0.42350000000000004 0.7293333328125 0.4185 0.7166666671875 0.40225 0.7053333328125 0.395 0.6696666671875 0.37825000000000003 0.6623333328125 0.37625000000000003 0.642 0.37575 0.6266666671875 0.3775 0.6103333328125 0.384 0.606 0.38849999999999996 0.615956 0.40627775 0.6176436671875 0.43496625 0.615956 0.454795 0.6243936671875 0.4712485
8 0.584 0.5822499999999999 0.615956 0.582205 0.6463333328124999 0.5980000000000001 0.661 0.5955 0.6736666671875 0.591 0.6926666671875 0.58 0.708 0.56825 0.725 0.55275 0.7306666671875 0.54575 0.7366666671875 0.5295 0.7346666671875 0.5125 0.7391473328125 0.5012025 0.7223333328125 0.5002500000000001 0.7166666671875 0.49824999999999997 0.701 0.49574999999999997 0.6423333328124999 0.49800000000000005 0.6193333328125 0.5005 0.596 0.5075000000000001 0.5776666671874999 0.5197499999999999 0.5746666671875 0.5237499999999999 0.5663333328125 0.54625 0.5650000000000001 0.56425 0.5660000000000001 0.5675 0.5696666671874999 0.57175 0.584 0.5822499999999999
10 0.6996666671875 0.62625 0.7053333328125 0.63075 0.7243333328125 0.6405000000000001 0.7323333328125 0.64225 0.748 0.64325 0.771 0.64 0.787 0.6315000000000001 0.7966666671875 0.621 0.8006666671874999 0.6085 0.8003333328125001 0.599 0.7966666671875 0.58775 0.787 0.57525 0.7823333328125 0.57175 0.771 0.5650000000000001 0.7603333328125 0.56125 0.7393333328125 0.558 0.7276666671875 0.5582499999999999 0.7166666671875 0.561 0.7103333328125 0.5650000000000001 0.692 0.58175 0.6873333328125 0.5885 0.6853333328125 0.595 0.686 0.60325 0.6913333328125 0.616 0.6996666671875 0.62625
3 0.4233333328125 0.7112499999999999 0.4403333328125 0.72475 0.47366666718749995 0.74375 0.4863333328125 0.74775 0.5016666671875 0.75 0.5253333328124999 0.74075 0.5394536671875 0.71425575 0.563642 0.69822425 0.57658 0.7024429999999999 0.596268 0.7079275 0.6176436671875 0.7231155 0.6350816671875 0.725225 0.648582 0.710459 0.6547696671875001 0.6931615 0.6390193328125 0.6796610000000001 0.6243936671875 0.67712975 0.6097683328125 0.66362925 0.6426666671875 0.63875 0.6493333328124999 0.62725 0.6503333328124999 0.61525 0.6463333328124999 0.60225 0.6386666671875 0.59525 0.6163333328125 0.58375 0.600768 0.578408 0.584455 0.58347075 0.549 0.564 0.525 0.5627500000000001 0.49233333281249997 0.56875 0.4653333328125 0.577 0.4516666671875 0.583 0.449451 0.6032995 0.4370756671875 0.62608125 0.4063333328125 0.6505 0.40366666718750005 0.657 0.4033333328125 0.6775 0.4056666671875 0.68525 0.41500000000000004 0.701 0.4233333328125 0.7112499999999999
0 0.29933333281249996 0.64725 0.31466666718749997 0.65475 0.3356666671875 0.6599999999999999 0.3476666671875 0.661 0.38 0.6575 0.3963333328125 0.65325 0.40499999999999997 0.64925 0.42133333281249996 0.6385 0.4373333328125 0.6247499999999999 0.44400000000000006 0.61525 0.449 0.6002500000000001 0.44966666718750004 0.5795 0.44800000000000006 0.5690000000000001 0.44333333281250004 0.55625 0.43566666718749997 0.5445 0.4206666671875 0.532 0.4056666671875 0.5235000000000001 0.389 0.518 0.374 0.5155000000000001 0.3526666671875 0.5157499999999999 0.3413333328125 0.5175 0.3163333328125 0.5247499999999999 0.3006666671875 0.53225 0.2826666671875 0.545 0.2753333328125 0.55275 0.271 0.5635 0.268 0.58125 0.2676666671875 0.592 0.27 0.6052500000000001 0.28300000000000003 0.63075 0.29933333281249996 0.64725
10 0.6866666671874999 0.75625 0.7023333328125 0.7635 0.7306666671875 0.76375 0.7536666671875001 0.7595 0.7596666671875 0.7575000000000001 0.7686666671875 0.752 0.7753333328124999 0.74725 0.7796666671875 0.742 0.783 0.7275 0.7806666671875 0.7122499999999999 0.7756666671875 0.70075 0.7676666671875 0.6910000000000001 0.7536666671875001 0.6805 0.7496666671875001 0.6745 0.7496666671875001 0.66925 0.7463333328124999 0.66125 0.7243333328125 0.6447499999999999 0.7206666671875 0.647 0.7193333328125 0.65425 0.726 0.6625 0.7273333328125 0.666 0.7256666671875001 0.66825 0.7163333328125 0.6705 0.7053333328125 0.6695 0.6933333328125 0.671 0.6769999999999999 0.6765 0.6646666671875 0.68525 0.6563333328125001 0.69375 0.6536666671875 0.7005 0.6533333328125 0.7175 0.6553333328125001 0.7255 0.665 0.73925 0.6866666671874999 0.75625
12 0.534 0.779 0.5683333328125 0.7935 0.5763333328125 0.79425 0.5836666671875 0.7935 0.6003333328125 0.7875 0.615 0.7775000000000001 0.62 0.7715 0.624 0.7625 0.6256666671875 0.75575 0.625 0.74 0.623 0.7344999999999999 0.616 0.7245 0.608 0.7150000000000001 0.602 0.71275 0.5996666671875001 0.70925 0.591 0.7072499999999999 0.5803333328125 0.7025 0.567 0.7015 0.5526666671875 0.7055 0.5506666671875 0.7082499999999999 0.5423333328125 0.714 0.536 0.7212500000000001 0.5273333328125 0.74 0.5166666671875 0.74375 0.508 0.75075 0.5086666671875 0.75575 0.516 0.768 0.5196666671875 0.77125 0.534 0.779
6 0.2363333328125 0.7315 0.36466666718749996 0.8145 0.43933333281250003 0.8522500000000001 0.49400000000000005 0.87575 0.521 0.8855000000000001 0.5443333328125 0.8915 0.5690000000000001 0.893 0.5913333328125 0.89025 0.607 0.88275 0.6176666671875 0.873 0.624 0.8612500000000001 0.625 0.84925 0.623 0.84175 0.615 0.828 0.6073333328125 0.81875 0.5913333328125 0.8065 0.2636666671875 0.645 0.253 0.64125 0.236 0.63775 0.1883333328125 0.6325000000000001 0.17733333281250002 0.63475 0.162 0.65425 0.1633333328125 0.66975 0.1656666671875 0.67275 0.1893333328125 0.697 0.2363333328125 0.7315
2 0.17266666718749998 0.51325 0.189 0.5237499999999999 0.209 0.5277499999999999 0.2723333328125 0.52725 0.3023333328125 0.5215 0.3333333328125 0.513 0.3576666671875 0.49775 0.3693333328125 0.48250000000000004 0.376 0.4665 0.3763333328125 0.45099999999999996 0.374 0.4385 0.3643333328125 0.42300000000000004 0.360351 0.41950750000000003 0.3685996671875 0.41641425 0.3737546671875 0.40713499999999997 0.3608666671875 0.39398900000000003 0.343339 0.3955355 0.32684199999999997 0.4044285 0.32477999999999996 0.3881895 0.31033333281250003 0.37875000000000003 0.27999999999999997 0.3685 0.263 0.3675 0.2316666671875 0.369 0.2116666671875 0.373 0.205 0.376 0.1856666671875 0.3895 0.175645 0.4040115 0.173967 0.43128124999999995 0.151 0.47125000000000006 0.1506666671875 0.48250000000000004 0.1526666671875 0.49000000000000005 0.157 0.49775 0.17266666718749998 0.51325