4 0.47066666718750005 0.45875000000000005 0.4733333328125 0.46425 0.476 0.4665 0.4823333328125 0.47050000000000003 0.49000000000000005 0.47175 0.49800000000000005 0.46950000000000003 0.4996666671875 0.46699999999999997 0.4993333328125 0.44000000000000006 0.49400000000000005 0.36625 0.4883333328125 0.34125 0.48600000000000004 0.3375 0.4823333328125 0.335 0.4733333328125 0.335 0.47066666718750005 0.33599999999999997 0.466 0.34550000000000003 0.46399999999999997 0.3545 0.46266666718750005 0.3685 0.46566666718749994 0.42374999999999996 0.47000000000000003 0.43075 0.47066666718750005 0.45875000000000005
4 0.433 0.4465 0.44299999999999995 0.44875 0.44733333281250004 0.44725000000000004 0.45899999999999996 0.44925 0.4636666671875 0.44725000000000004 0.46799999999999997 0.44325000000000003 0.4703333328125 0.43550000000000005 0.46699999999999997 0.42750000000000005 0.4596666671875 0.4225 0.45199999999999996 0.41925 0.40366666718750005 0.41174999999999995 0.382 0.40575 0.36633333281249997 0.40824999999999995 0.3596666671875 0.41100000000000003 0.361 0.41675000000000006 0.3643333328125 0.421 0.37666666718749997 0.42774999999999996 0.433 0.4465
4 0.3756666671875 0.396 0.384 0.39449999999999996 0.3923333328125 0.38725 0.396 0.38225 0.4246666671875 0.3315 0.45 0.28925 0.4583333328125 0.27775 0.4596666671875 0.27125 0.4566666671875 0.266 0.44400000000000006 0.258 0.4363333328125 0.2585 0.434 0.25975000000000004 0.40766666718750005 0.29100000000000004 0.36866666718749996 0.35924999999999996 0.36 0.3785 0.3586666671875 0.38425 0.36 0.39025 0.369 0.39475 0.3756666671875 0.396
4 0.3806666671875 0.5305 0.388 0.5275000000000001 0.3973333328125 0.51425 0.4073333328125 0.46975 0.41200000000000003 0.46399999999999997 0.41633333281249996 0.4505 0.4166666671875 0.44575 0.413 0.4405 0.3886666671875 0.434 0.387 0.43525 0.3823333328125 0.45999999999999996 0.37466666718749997 0.48125 0.3693333328125 0.509 0.369 0.5215 0.3743333328125 0.5285 0.377 0.53025 0.3806666671875 0.5305
4 0.41200000000000003 0.5555 0.4176666671875 0.54075 0.449 0.47450000000000003 0.4463333328125 0.45149999999999996 0.42766666718749996 0.44575 0.41966666718749995 0.44825 0.4136666671875 0.4615 0.393 0.529 0.3856666671875 0.568 0.384 0.59175 0.3883333328125 0.591 0.40599999999999997 0.57975 0.41200000000000003 0.5555
4 0.47860699999999995 0.67542525 0.4773333328125 0.66475 0.47366666718749995 0.64675 0.4723333328125 0.62825 0.472 0.613375 0.47400000000000003 0.5915 0.4716666671875 0.58375 0.4676666671875 0.57875 0.45899999999999996 0.575 0.45366666718750004 0.5745 0.4436666671875 0.57625 0.437 0.58175 0.434 0.5940000000000001 0.4363333328125 0.6255 0.4413333328125 0.64425 0.4485493328125 0.67455825 0.47860699999999995 0.67542525
4 0.3436666671875 0.64825 0.3566666671875 0.6587500000000001 0.3883333328125 0.6745 0.397 0.6755 0.40433333281249995 0.6719999999999999 0.41 0.66175 0.4096666671875 0.6565000000000001 0.4046666671875 0.649 0.36 0.622 0.357 0.61875 0.3456666671875 0.6105 0.3406666671875 0.60825 0.3166666671875 0.5900000000000001 0.2966666671875 0.5780000000000001 0.2946666671875 0.5730000000000001 0.2886666671875 0.5995 0.2876666671875 0.608 0.2956666671875 0.616 0.3283333328125 0.639 0.3436666671875 0.64825
4 0.3346666671875 0.5972500000000001 0.377 0.5665 0.382 0.5599999999999999 0.381 0.55275 0.37466666718749997 0.5507500000000001 0.36466666718749996 0.5515 0.3573333328125 0.554 0.3323333328125 0.5705 0.31466666718749997 0.5862499999999999 0.314 0.58775 0.31766666718750003 0.5912499999999999 0.32999999999999996 0.59925 0.3346666671875 0.5972500000000001
4 0.3586666671875 0.5525 0.3593333328125 0.54875 0.3556666671875 0.54325 0.3503333328125 0.5405 0.3413333328125 0.54025 0.3 0.5535 0.29500000000000004 0.56725 0.2946666671875 0.5765 0.3066666671875 0.57575 0.3433483328125 0.56271 0.3586666671875 0.5525
4 0.3586666671875 0.39275000000000004 0.3593333328125 0.381 0.36266666718749996 0.3715 0.4056666671875 0.2915 0.4046666671875 0.28925 0.4 0.28650000000000003 0.395 0.28500000000000003 0.3866666671875 0.286 0.3783333328125 0.29075 0.3716666671875 0.29874999999999996 0.341 0.365 0.33366666718750004 0.37625000000000003 0.32966666718750004 0.388 0.3293333328125 0.399 0.3373333328125 0.4035 0.3516666671875 0.4 0.3586666671875 0.39275000000000004
4 0.3843333328125 0.62025 0.409 0.60775 0.43166666718749996 0.5955 0.4346666671875 0.58475 0.43899999999999995 0.57975 0.4516666671875 0.5755 0.46666666718750005 0.57875 0.47066666718750005 0.58175 0.4733333328125 0.5795 0.49366666718749996 0.5700000000000001 0.5073333328125 0.56475 0.511 0.55575 0.5116666671875 0.54825 0.51 0.5467500000000001 0.507 0.54725 0.49800000000000005 0.54375 0.49400000000000005 0.54375 0.4493333328125 0.5582499999999999 0.42400000000000004 0.5702499999999999 0.365 0.60275 0.3533333328125 0.61075 0.3526666671875 0.615 0.3573333328125 0.62 0.37 0.6255 0.3843333328125 0.62025
4 0.4846666671875 0.33425 0.49133333281249997 0.32999999999999996 0.49533333281249997 0.3215 0.4956666671875 0.2745 0.495 0.2515 0.492 0.24225 0.4903333328125 0.22525 0.487 0.2205 0.48266666718750006 0.21800000000000003 0.47400000000000003 0.21875 0.47000000000000003 0.22425 0.4636666671875 0.24874999999999997 0.4613333328125 0.27 0.462 0.31175 0.4646666671875 0.32599999999999996 0.47066666718750005 0.3325 0.4846666671875 0.33425
4 0.5056666671875 0.08075 0.5413333328125 0.087 0.5513333328125001 0.08475 0.5566666671875 0.08 0.5583333328125 0.0765 0.5563333328125 0.06899999999999999 0.5446666671875 0.0625 0.534 0.061250000000000006 0.4956666671875 0.052000000000000005 0.47300000000000003 0.04375 0.45866666718750004 0.0405 0.44733333281250004 0.041249999999999995 0.4263333328125 0.0485 0.4296666671875 0.05450000000000001 0.4346666671875 0.05825 0.45899999999999996 0.0675 0.5056666671875 0.08075
4 0.43933333281250003 0.0865 0.4766666671875 0.098 0.5006666671875 0.10900000000000001 0.5326666671875 0.1135 0.537 0.11325 0.5429999999999999 0.1105 0.5463333328125 0.10300000000000001 0.5416666671875 0.0915 0.5373333328125 0.08825 0.49133333281249997 0.077 0.41633333281249996 0.051000000000000004 0.40766666718750005 0.0495 0.4 0.05125 0.3966666671875 0.05425 0.396 0.057999999999999996 0.398 0.065 0.4033333328125 0.07275000000000001 0.43933333281250003 0.0865
4 0.45366666718750004 0.1115 0.4919016671875 0.11835124999999999 0.4913233328125 0.105779 0.45133333281250004 0.09175 0.40033333281249994 0.07125000000000001 0.3886666671875 0.06999999999999999 0.3876666671875 0.07075000000000001 0.385 0.076 0.38333333281250004 0.08499999999999999 0.382 0.09575 0.42080399999999996 0.11011425 0.44733333281250004 0.1135 0.45366666718750004 0.1115