0 0.31725 0.4183333328125 0.32725 0.43600000000000005 0.34075 0.45099999999999996 0.365 0.46399999999999997 0.383 0.4653333328125 0.39725 0.46333333281250005 0.42175 0.453 0.4325 0.4443333328125 0.44349999999999995 0.429 0.44800000000000006 0.41233333281249995 0.44775 0.4026666671875 0.4565 0.379 0.46399999999999997 0.3693333328125 0.46125 0.3496666671875 0.45525000000000004 0.331 0.44725000000000004 0.313 0.43550000000000005 0.29533333281249996 0.422 0.2786666671875 0.41224999999999995 0.2726666671875 0.404 0.2696666671875 0.393 0.2683333328125 0.36775 0.269 0.358 0.2713333328125 0.33925 0.2813333328125 0.32825000000000004 0.2906666671875 0.3195 0.3023333328125 0.3135 0.3136666671875 0.30924999999999997 0.3253333328125 0.30625 0.3413333328125 0.30625 0.363 0.308 0.3806666671875 0.312 0.40133333281250005 0.31725 0.4183333328125
5 0.43775000000000003 0.534 0.43925000000000003 0.538 0.44425 0.5436666671875 0.46299999999999997 0.5813333328125 0.4605 0.592 0.471 0.6223333328125 0.49000000000000005 0.6366666671875 0.52525 0.6519999999999999 0.528 0.6506666671875 0.5355000000000001 0.6523333328125 0.55525 0.6599999999999999 0.55625 0.6626666671875 0.56325 0.6673333328125 0.5775 0.6603333328125001 0.58175 0.6536666671875 0.597 0.648 0.60325 0.6373333328124999 0.6134999999999999 0.6333333328124999 0.61825 0.629 0.625 0.6256666671875 0.63 0.619 0.6305 0.6156666671875 0.6355000000000001 0.6096666671875 0.65475 0.6033333328125 0.65625 0.615 0.65825 0.6166666671875001 0.662 0.615 0.6667500000000001 0.6093333328125 0.675 0.6073333328125 0.6815 0.6006666671875001 0.682 0.5943333328125 0.68475 0.5923333328125 0.687 0.588 0.688 0.5716666671875 0.686 0.568 0.6865 0.5563333328125 0.68525 0.5543333328125 0.6912499999999999 0.5363333328125 0.701 0.5273333328125 0.70375 0.522 0.70875 0.5183333328125 0.71075 0.514 0.7152499999999999 0.5093333328125 0.7245 0.4893333328125 0.727 0.4783333328125 0.7245 0.4676666671875 0.7205 0.4613333328125 0.71775 0.46266666718750005 0.71775 0.4646666671875 0.7112499999999999 0.4733333328125 0.70775 0.4726666671875 0.7045 0.46900000000000003 0.69625 0.43966666718749997 0.68975 0.43166666718749996 0.692 0.42400000000000004 0.69425 0.3923333328125 0.69075 0.3846666671875 0.6815 0.371 0.6797500000000001 0.3613333328125 0.6759999999999999 0.3533333328125 0.666 0.3433333328125 0.603 0.31433333281250003 0.59775 0.3133333328125 0.5860000000000001 0.31433333281250003 0.56925 0.3266666671875 0.5622499999999999 0.32799999999999996 0.56025 0.3253333328125 0.55325 0.3223333328125 0.541 0.3233333328125 0.533 0.3286666671875 0.5287499999999999 0.327 0.509625 0.3363333328125 0.50575 0.3356666671875 0.5002500000000001 0.3376666671875 0.49524999999999997 0.3453333328125 0.4725 0.36833333281249997 0.46275000000000005 0.37533333281250003 0.45625 0.3843333328125 0.45025000000000004 0.40033333281249994 0.44025 0.45466666718750004 0.43375 0.4756666671875 0.4335 0.48266666718750006 0.43600000000000005 0.49066666718749996 0.43600000000000005 0.5216666671875 0.43775000000000003 0.534
1 0.6565000000000001 0.3343333328125 0.659 0.3373333328125 0.6667500000000001 0.34199999999999997 0.7150000000000001 0.43933333281250003 0.73175 0.47866666718750006 0.73575 0.4846666671875 0.74525 0.5056666671875 0.7737499999999999 0.5526666671875 0.79125 0.5773333328125 0.8102499999999999 0.5983333328125 0.8205 0.6073333328125 0.8402499999999999 0.619 0.8535 0.625 0.86525 0.6236666671875 0.873 0.614 0.8734999999999999 0.611 0.873 0.5956666671875 0.86725 0.572 0.8567500000000001 0.5476666671875 0.8634999999999999 0.5406666671875 0.8775000000000001 0.5573333328125 0.89275 0.5690000000000001 0.9005000000000001 0.5723333328125 0.91225 0.5843333328125 0.9237500000000001 0.5866666671874999 0.9289999999999999 0.583 0.93225 0.576 0.933 0.5643333328125 0.9269999999999999 0.5216666671875 0.9199999999999999 0.501 0.9147500000000001 0.492 0.91225 0.4846666671875 0.906 0.475 0.9047499999999999 0.47066666718750005 0.9067500000000001 0.466 0.908 0.46566666718749994 0.9119999999999999 0.45466666718750004 0.91275 0.43933333281250003 0.9119999999999999 0.4086666671875 0.908 0.3846666671875 0.8947499999999999 0.33366666718750004 0.86525 0.24300000000000002 0.84925 0.2026666671875 0.8335000000000001 0.16699999999999998 0.8182499999999999 0.141 0.80325 0.1266666671875 0.7929999999999999 0.122 0.78425 0.121 0.773 0.126 0.76925 0.1223333328125 0.7635 0.10366666718749999 0.755 0.0956666671875 0.74 0.091 0.72825 0.0913333328125 0.721 0.0946666671875 0.7155 0.10333333281249998 0.71275 0.11100000000000002 0.712 0.1156666671875 0.71275 0.122 0.7095 0.1266666671875 0.7110000000000001 0.1326666671875 0.66525 0.1886666671875 0.6625 0.1893333328125 0.6537499999999999 0.1966666671875 0.6445000000000001 0.20866666718750002 0.6385 0.223 0.63575 0.23933333281250002 0.6365000000000001 0.259 0.6407499999999999 0.28700000000000003 0.648 0.31433333281250003 0.6565000000000001 0.3343333328125
2 0.44625000000000004 0.2796666671875 0.45475000000000004 0.301 0.46925 0.32 0.47824999999999995 0.3263333328125 0.49850000000000005 0.333 0.5135 0.3323333328125 0.52925 0.3233333328125 0.54625 0.31 0.5587500000000001 0.29533333281249996 0.5675 0.2796666671875 0.5715 0.267 0.58525 0.2476666671875 0.59225 0.233 0.595 0.2233333328125 0.5980000000000001 0.202 0.5980000000000001 0.189 0.5934999999999999 0.1656666671875 0.584 0.142 0.57625 0.1276666671875 0.56825 0.11599999999999999 0.5605 0.1076666671875 0.5465 0.0996666671875 0.53325 0.0953333328125 0.52575 0.096 0.51775 0.099 0.513 0.10300000000000001 0.5085 0.11000000000000001 0.502 0.11233333281249999 0.49074999999999996 0.1056666671875 0.47800000000000004 0.10466666718749999 0.4665 0.1086666671875 0.457 0.11499999999999999 0.445 0.12933333281249998 0.43825000000000003 0.1423333328125 0.43324999999999997 0.157 0.42874999999999996 0.179 0.4285 0.1953333328125 0.4305 0.209 0.44125 0.2456666671875 0.44625000000000004 0.2796666671875
6 0.11474999999999999 0.7264433328125001 0.1265 0.7304433328125 0.15025 0.72911 0.16475 0.72111 0.18175 0.6994433328125 0.1895 0.68311 0.23287300000000002 0.547245 0.30632975 0.3577183328125 0.30899925 0.3167856671875 0.33625 0.27810999999999997 0.33975 0.24244333281250002 0.339 0.23511 0.33375 0.2187766671875 0.3145 0.20711 0.31175 0.20811000000000002 0.27425 0.24677666718750002 0.26575000000000004 0.25911 0.23424999999999999 0.31311 0.16799999999999998 0.43411 0.15375 0.4617766671875 0.13325 0.5087766671875 0.11625 0.5564433328125 0.10725 0.5867766671875 0.0995 0.6254433328125 0.09825 0.6367766671874999 0.098 0.6894433328125 0.10075 0.7097766671875 0.1045 0.7167766671875 0.11474999999999999 0.7264433328125001
12 0.21625 0.732 0.2325 0.7406666671875 0.2445 0.744 0.2565 0.744 0.26425 0.7416666671875001 0.288 0.722 0.29674999999999996 0.7093333328125 0.302 0.6933333328125 0.30425 0.6806666671875 0.3035 0.6623333328125 0.30125 0.6556666671875 0.29100000000000004 0.637 0.26525 0.615 0.25975000000000004 0.6123333328125 0.24425 0.6103333328125 0.23625 0.612 0.22799999999999998 0.616 0.21825 0.622 0.21125 0.6293333328124999 0.20175 0.6466666671875 0.1965 0.67 0.19624999999999998 0.6923333328125 0.19824999999999998 0.701 0.205 0.717 0.21625 0.732
3 0.30702375000000004 0.6776433328125 0.28978875 0.723069 0.28700000000000003 0.7647766671875 0.29075 0.77111 0.29900000000000004 0.7781100000000001 0.3145 0.7857766671874999 0.3398905 0.7914746671875 0.35872875 0.7305506671875001 0.39640525000000004 0.742308 0.41974999999999996 0.7254433328125 0.42925 0.7134433328124999 0.438 0.69611 0.45075000000000004 0.6337766671875 0.45099999999999996 0.6097766671875 0.43825000000000003 0.5544433328125 0.42325 0.5161100000000001 0.4145 0.49877666718749997 0.40374999999999994 0.48344333281249996 0.37625000000000003 0.46744333281249995 0.36625 0.4657766671875 0.31725 0.4727766671875 0.30274999999999996 0.4767766671875 0.27875 0.49244333281249997 0.23975 0.5297766671875 0.23126975 0.5493826671875001 0.22974999999999998 0.5594433328124999 0.22925 0.5757766671875 0.23374999999999999 0.5987766671875 0.30181325000000003 0.6455783328125 0.30702375000000004 0.6776433328125
2 0.595 0.8536666671875001 0.60375 0.859 0.654 0.8763333328125 0.66975 0.8766666671875001 0.6809999999999999 0.869 0.689 0.8613333328125 0.705 0.841 0.709 0.834 0.71275 0.8233333328124999 0.72875 0.7586666671875 0.73 0.7416666671875001 0.72825 0.7236666671875 0.721 0.6966666671875 0.71675 0.687 0.70775 0.6736666671875 0.6855 0.646 0.67375 0.6383333328125 0.6445000000000001 0.6303333328125 0.6395 0.6306666671875 0.587 0.662 0.5795 0.675 0.5725 0.693 0.5700000000000001 0.705 0.5645 0.7863333328125 0.56425 0.795 0.57075 0.8183333328125 0.58775 0.8456666671875 0.595 0.8536666671875001
8 0.45539325 0.8616666671875001 0.47939325000000005 0.8643333328124999 0.49164325 0.861 0.5061432499999999 0.85 0.52664325 0.8300000000000001 0.5596432499999999 0.783 0.56889325 0.76 0.5716432499999999 0.7476666671875 0.570222 0.721663 0.55592775 0.6619106671874999 0.53414325 0.6546666671875 0.5101432499999999 0.6533333328125 0.44039324999999996 0.702 0.42380325 0.7190876671875001 0.41144075 0.7499939999999999 0.41339325000000005 0.7993333328125 0.42414325 0.8336666671874999 0.43189325 0.8473333328124999 0.45539325 0.8616666671875001
10 0.41900000000000004 0.9996666671875 0.49775 0.9996666671875 0.49824999999999997 0.9973333328124999 0.50175 0.9949999999999999 0.50575 0.9890000000000001 0.5135 0.974 0.521 0.9473333328125 0.5215 0.9203333328125 0.51525 0.893 0.50675 0.8763333328125 0.497 0.861 0.49450000000000005 0.8593333328125 0.47874999999999995 0.8653333328124999 0.47050000000000003 0.8593333328125 0.461 0.86 0.45875000000000005 0.8606666671875001 0.457 0.865 0.45062499999999994 0.8676666671875 0.43925000000000003 0.867 0.43324999999999997 0.869 0.43224999999999997 0.8723333328124999 0.42750000000000005 0.877 0.42774999999999996 0.884 0.43174999999999997 0.8866666671875001 0.43274999999999997 0.8960000000000001 0.42699999999999994 0.9019999999999999 0.41525 0.905 0.4085 0.9106666671875001 0.40575 0.9156666671875 0.404 0.9246666671874999 0.40225 0.9396666671875 0.404 0.9630000000000001 0.4085 0.9789999999999999 0.41900000000000004 0.9996666671875
10 0.30974475 0.9480000000000001 0.31924475 0.9550000000000001 0.33449475 0.9630000000000001 0.34124475 0.9640000000000001 0.35749475 0.9630000000000001 0.37474474999999996 0.9516666671875 0.38374475 0.9426666671874999 0.404328 0.9118890000000001 0.42970699999999995 0.90097 0.4316965 0.8885916671875 0.42624475000000006 0.876 0.40881850000000003 0.879308 0.40199474999999996 0.8393333328124999 0.39174475000000003 0.8106666671875 0.38099475 0.7983333328125 0.37474474999999996 0.7933333328125001 0.36674475 0.79 0.35524475 0.7886666671875 0.34574475 0.7896666671875 0.33074475 0.7963333328125 0.32149475 0.805 0.30749475 0.8223333328125 0.29674475 0.844 0.28924475 0.8693333328125 0.28724475 0.883 0.28799475 0.9083333328125001 0.29149474999999997 0.9243333328125001 0.29574475 0.9323333328125001 0.30974475 0.9480000000000001