1 0.052000000000000005 0.21349999999999997 0.0406666671875 0.23275 0.039 0.24125000000000002 0.0433333328125 0.25575000000000003 0.048333332812500004 0.26349999999999996 0.065 0.27525 0.0723333328125 0.2785 0.0883333328125 0.28125 0.101 0.2945 0.13433333281249998 0.3185 0.17733333281250002 0.33775 0.1893333328125 0.3415 0.23033333281249999 0.34675 0.24 0.3465 0.24933333281249997 0.337 0.26527599999999996 0.3244005 0.2793183328125 0.30727574999999996 0.3091586671875 0.30101875 0.3262726671875 0.30101875 0.345142 0.30299475 0.347775 0.29739625 0.35786799999999996 0.2924565 0.37266666718749997 0.29025 0.3756666671875 0.28700000000000003 0.37666666718749997 0.27475 0.37266666718749997 0.26749999999999996 0.3715 0.261625 0.40433333281249995 0.23975 0.41733333281249996 0.22475 0.426 0.205 0.425 0.19724999999999998 0.4193333328125 0.192 0.40833333281249995 0.191 0.3856666671875 0.195 0.38333333281250004 0.186 0.4 0.16975 0.4113333328125 0.149 0.4106666671875 0.14250000000000002 0.40533333281250006 0.13525 0.4 0.13174999999999998 0.3966666671875 0.131 0.377 0.1325 0.3573333328125 0.13799999999999998 0.32366666718750003 0.156 0.3096666671875 0.16175 0.28900000000000003 0.158 0.2793333328125 0.158 0.2673333328125 0.15975 0.2246666671875 0.16975 0.20833333281250002 0.17625 0.19966666718749998 0.1775 0.1966666671875 0.18 0.185 0.1815 0.16899999999999998 0.18825 0.157 0.18925 0.14666666718750002 0.19225 0.1284166671875 0.19275 0.1173333328125 0.18875 0.1127776671875 0.18558325 0.0936666671875 0.16399999999999998 0.094 0.15725 0.0853333328125 0.15025 0.0786666671875 0.14825 0.076 0.14625 0.0606666671875 0.14475 0.0556666671875 0.14250000000000002 0.048 0.14550000000000002 0.0463333328125 0.15025 0.047333332812500004 0.1665 0.053666667187499996 0.19375 0.0533333328125 0.20418750000000002 0.052000000000000005 0.21349999999999997
6 0.17433333281250002 0.7434999999999999 0.1766666671875 0.74725 0.186 0.75525 0.1956666671875 0.76125 0.2826666671875 0.7975 0.409 0.84575 0.45133333281250004 0.85925 0.5133333328125 0.87525 0.5403333328125 0.8807499999999999 0.604 0.8905 0.6266666671875 0.892 0.638 0.89175 0.6543333328125 0.88925 0.679 0.882 0.6873333328125 0.87675 0.6936666671875 0.8705 0.6996666671875 0.8612500000000001 0.7030000000000001 0.85175 0.704 0.8412499999999999 0.7013333328125 0.8322499999999999 0.6946666671874999 0.8195 0.678 0.80525 0.6663333328125 0.7985 0.6463333328124999 0.791 0.6303333328125 0.7875 0.623 0.7845 0.23933333281250002 0.69325 0.223 0.6917500000000001 0.17366666718749998 0.69575 0.1627776671875 0.6995 0.1576666671875 0.7 0.1526666671875 0.70475 0.154 0.7115 0.1493333328125 0.7205 0.15 0.72425 0.17433333281250002 0.7434999999999999
12 0.5513333328125001 0.7485 0.564 0.76325 0.5740000000000001 0.7707499999999999 0.5836666671875 0.7755 0.5956666671875 0.7787499999999999 0.6223333328125 0.78275 0.6306666671875 0.782 0.6463333328124999 0.7777499999999999 0.662 0.7675 0.6693333328125 0.7595 0.6743333328125 0.74825 0.6769999999999999 0.737 0.6753333328125 0.72025 0.67 0.7110000000000001 0.6639999999999999 0.7045 0.6533333328125 0.69575 0.6386666671875 0.68675 0.6093333328125 0.68175 0.5973333328125 0.68275 0.5836666671875 0.686 0.5626666671875 0.70025 0.5559999999999999 0.7085 0.5526666671875 0.7162499999999999 0.554 0.72175 0.553 0.729 0.5476666671875 0.73975 0.5513333328125001 0.7485
0 0.2326666671875 0.654 0.244 0.6665 0.2596666671875 0.678 0.2753333328125 0.68575 0.29100000000000004 0.69025 0.317 0.6935 0.337 0.6912499999999999 0.35 0.6885 0.3806666671875 0.67325 0.389 0.6677500000000001 0.40033333281249994 0.65525 0.40800000000000003 0.639 0.4106666671875 0.62375 0.41 0.6075 0.4046666671875 0.5925 0.398 0.57975 0.3886666671875 0.568 0.3743333328125 0.557 0.358 0.54875 0.3456666671875 0.545 0.325 0.54225 0.3026666671875 0.5429999999999999 0.2826666671875 0.54825 0.268 0.5549999999999999 0.244 0.56975 0.2343333328125 0.57775 0.2236666671875 0.5915 0.22033333281249998 0.60275 0.22000000000000003 0.6165 0.22233333281249998 0.63475 0.2256666671875 0.64425 0.2326666671875 0.654
10 0.7203333328125 0.6092500000000001 0.7366666671875 0.616 0.7486666671875 0.6195 0.7713333328124999 0.6207499999999999 0.7986666671875 0.61525 0.8133333328125 0.60725 0.8220000000000001 0.5985 0.8273333328125 0.59075 0.8300000000000001 0.58125 0.8300000000000001 0.5705 0.8220000000000001 0.55275 0.8133333328125 0.5427500000000001 0.8023333328125 0.53425 0.7806666671875 0.525 0.768 0.5225 0.7493333328125 0.52175 0.7286666671875001 0.5255 0.7153333328125 0.5309999999999999 0.704 0.53975 0.6926666671875 0.5582499999999999 0.6933333328125 0.5785 0.6983333328125 0.58925 0.7053333328125 0.599 0.7203333328125 0.6092500000000001
10 0.744 0.734 0.7713333328124999 0.745 0.7936666671875 0.74825 0.8103333328125 0.74875 0.8333333328125001 0.7434999999999999 0.843 0.74 0.8586666671875 0.73 0.865 0.72375 0.873 0.7112499999999999 0.873 0.6985 0.866 0.68075 0.8539999999999999 0.66475 0.842 0.65425 0.8346666671875 0.6497499999999999 0.8256666671874999 0.64625 0.7596666671875 0.6224999999999999 0.7516666671875 0.6214999999999999 0.7186666671874999 0.674 0.7163333328125 0.68025 0.716 0.701 0.7186666671874999 0.709 0.729 0.7215 0.744 0.734
3 0.4302746671875 0.712 0.4349413328125 0.7155 0.47760800000000003 0.7422500000000001 0.4932746671875 0.74925 0.524608 0.74925 0.5319413328125 0.74725 0.5517553328125 0.7359862500000001 0.554206 0.7006789999999999 0.5865509999999999 0.681554 0.6267373328125 0.6808185 0.6595726671875 0.6962655 0.6809413328125 0.6917500000000001 0.684608 0.68925 0.688608 0.683 0.6932746671875 0.6667500000000001 0.6939413328125 0.6537499999999999 0.6855466671875 0.64330425 0.6546716671875 0.6410975 0.6198763328125 0.621605 0.6355586671875 0.6157202500000001 0.6478106671875 0.60211225 0.6527116671875001 0.58482625 0.638608 0.56725 0.6332746671875 0.561 0.6222746671875 0.5545 0.5979413328125001 0.54975 0.5689083328125 0.55908125 0.5517553328125 0.5484155000000001 0.5259413328125 0.54475 0.48960800000000004 0.55175 0.45894133281249994 0.5650000000000001 0.434608 0.5815 0.4189413328125 0.5955 0.41294133281249995 0.607 0.4119413328125 0.623 0.41927466718749995 0.69325 0.422608 0.701 0.4302746671875 0.712
8 0.5764866671875 0.55086525 0.6394866671874999 0.56336525 0.6474866671874999 0.56186525 0.6551533328125 0.55911525 0.6794866671875 0.54661525 0.70182 0.5298652500000001 0.7144866671875 0.5181152499999999 0.7474866671875 0.48186524999999997 0.75182 0.47511525 0.7524866671875 0.44986525000000005 0.760076 0.42718125 0.7567963328125 0.41795125000000005 0.7211533328125 0.42536525000000003 0.69082 0.42811525 0.6584866671875 0.43661525 0.61182 0.45111524999999997 0.5961533328125 0.45861525 0.5794866671875 0.46686525 0.5611533328125 0.47936525 0.5541533328125 0.49436525 0.55282 0.50836525 0.5564866671875001 0.5221152499999999 0.5641533328125 0.53861525 0.5764866671875 0.55086525
2 0.5496666671875 0.44875 0.5599999999999999 0.4505 0.5996666671875001 0.44975 0.6226666671875 0.446 0.6496666671875 0.43825000000000003 0.658 0.43499999999999994 0.6696666671875 0.42774999999999996 0.689 0.40800000000000003 0.6916666671875 0.4 0.6923333328125 0.3915 0.6883333328125001 0.35825 0.6856666671875 0.34875 0.6716666671875 0.337 0.6519999999999999 0.32599999999999996 0.6383333328125 0.32275 0.6125116671875 0.318942 0.5916666671875 0.3175 0.5676666671875 0.31825000000000003 0.5553333328125001 0.322 0.5403333328125 0.32975 0.534 0.33425 0.5223333328125 0.34875 0.522 0.35350000000000004 0.5313333328125001 0.40425000000000005 0.546 0.44625000000000004 0.5496666671875 0.44875
2 0.0733333328125 0.55275 0.086 0.56825 0.096 0.576 0.1273333328125 0.58775 0.142 0.5915 0.1613333328125 0.5912499999999999 0.22799999999999998 0.5785 0.23566666718749998 0.575 0.263 0.55375 0.2766666671875 0.53425 0.28300000000000003 0.51425 0.2833333328125 0.50275 0.282 0.49375 0.2733333328125 0.47824999999999995 0.256 0.46175 0.1916666671875 0.4305 0.17366666718749998 0.42774999999999996 0.1463333328125 0.42750000000000005 0.1066666671875 0.43875000000000003 0.0916666671875 0.445 0.08 0.4525 0.068 0.46575 0.0636666671875 0.47424999999999995 0.0626666671875 0.481 0.0663333328125 0.53325 0.06833333281250001 0.5429999999999999 0.0733333328125 0.55275
5 0.3203333328125 0.51675 0.373 0.5195000000000001 0.3963333328125 0.51825 0.4033333328125 0.51625 0.47133333281249995 0.49000000000000005 0.479 0.48525 0.5173333328124999 0.44725000000000004 0.5216666671875 0.43949999999999995 0.5236666671875 0.40725 0.5213333328124999 0.38375 0.4903333328125 0.33599999999999997 0.47866666718750006 0.32575 0.41966666718749995 0.29775 0.41166666718749995 0.29500000000000004 0.3886666671875 0.29075 0.36466666718749996 0.29075 0.2853333328125 0.3065 0.2793333328125 0.309 0.2726666671875 0.314 0.236 0.35375 0.23333333281250002 0.36 0.22633333281249998 0.40700000000000003 0.22599999999999998 0.42874999999999996 0.22833333281249998 0.446 0.312 0.51525 0.3203333328125 0.51675