8 0.47999933281249996 0.43235 0.5093333328125 0.44325000000000003 0.544756 0.449624 0.569457 0.46139025 0.6025026671875 0.466147 0.6316666671875 0.46025 0.6423333328124999 0.45275 0.649 0.43949999999999995 0.6496666671875 0.43099999999999994 0.647 0.42424999999999996 0.6403333328125 0.41475 0.6258686671875 0.40556274999999997 0.6073333328125 0.40025000000000005 0.5730000000000001 0.396 0.54 0.39649999999999996 0.514 0.399 0.493685 0.4018075 0.4729896671875 0.414325 0.45863633281249994 0.41482575 0.45429700000000006 0.42033325 0.4719883328125 0.42483950000000004 0.47999933281249996 0.43235
8 0.46764900000000004 0.49518725 0.49466666718749996 0.5037499999999999 0.525 0.507 0.5803333328125 0.50675 0.5873333328125 0.50575 0.606 0.5005 0.62 0.4915 0.6266666671875 0.48475 0.6306666671875 0.47300000000000003 0.6306666671875 0.46799999999999997 0.6236666671875 0.4625 0.615 0.46299999999999997 0.6 0.46749999999999997 0.5788033328125 0.46439450000000004 0.554436 0.45938749999999995 0.5450896671875001 0.4536295 0.517 0.45599999999999996 0.4886666671875 0.45824999999999994 0.47133333281249995 0.457 0.457969 0.4636435 0.441 0.46224999999999994 0.4356043328125 0.464144 0.4369396671875 0.469151 0.4532956671875 0.47565999999999997 0.4539633328125 0.48667524999999995 0.46764900000000004 0.49518725
8 0.3696666671875 0.46675000000000005 0.3976666671875 0.46825 0.416578 0.469902 0.4363333328125 0.47050000000000003 0.436606 0.46339300000000005 0.45863633281249994 0.46314275 0.474325 0.456133 0.492 0.457 0.5026666671875 0.457 0.5136666671875 0.45525000000000004 0.5233333328125 0.45099999999999996 0.5213333328124999 0.445 0.4883443328125 0.43710649999999995 0.4729896671875 0.42809400000000003 0.44094533281250003 0.42684225 0.40833333281249995 0.41875 0.383 0.409 0.360834 0.40155725000000003 0.338136 0.40406075 0.32599999999999996 0.41 0.318442 0.4218355 0.318108 0.43760725 0.3373333328125 0.45549999999999996 0.3514876671875 0.4616405 0.3696666671875 0.46675000000000005
8 0.3963333328125 0.60275 0.46337333281250004 0.59736075 0.5221790000000001 0.58731175 0.5526666671875 0.58 0.5643333328125 0.5715 0.5696666671874999 0.56025 0.5828453328125 0.55688525 0.581 0.5485 0.576 0.54475 0.562 0.54625 0.5523333328125 0.53975 0.5413333328125 0.5365 0.510641 0.5353915 0.46699999999999997 0.53525 0.40680066718749996 0.53567075 0.3723333328125 0.5405 0.34315666718750004 0.55214 0.3356666671875 0.5665 0.33999999999999997 0.584 0.3528336671875 0.59540675 0.3740483328125 0.60238525 0.3963333328125 0.60275
8 0.35 0.52125 0.382 0.5237499999999999 0.422586 0.51835075 0.44554600000000005 0.5139910000000001 0.45599999999999996 0.5075000000000001 0.46566666718749994 0.506 0.4783333328125 0.50575 0.4789693328125 0.5011305 0.4580436671875 0.4917575 0.45199999999999996 0.484 0.4234576671875 0.47279324999999994 0.356 0.46624999999999994 0.3383333328125 0.46675000000000005 0.319 0.46950000000000003 0.3019716671875 0.47388325 0.2900553328125 0.48064049999999997 0.2842426671875 0.49219324999999997 0.2866666671875 0.5055 0.2986666671875 0.51325 0.309 0.5175 0.35 0.52125
8 0.4315593328125 0.5343215 0.44699999999999995 0.5345 0.48333333281249996 0.5355000000000001 0.54697 0.53698775 0.559824 0.5468332499999999 0.5770533328125 0.54560275 0.58307 0.5488845 0.5833436671875 0.5560635 0.5726776671875 0.5599605000000001 0.5800616671875 0.5646782499999999 0.5940000000000001 0.56075 0.607 0.5525 0.6150680000000001 0.5380135 0.6103333328125 0.5245 0.5986586671875 0.5146305 0.58 0.50875 0.4796666671875 0.50575 0.4553526671875 0.50704125 0.440311 0.5111435 0.43320033281250003 0.5177072500000001 0.4303333328125 0.52525 0.4176116671875 0.52509125 0.41706466718749996 0.5326805 0.4315593328125 0.5343215
8 0.8109999999999999 0.485 0.8263333328125 0.49625 0.8468573328125 0.51615225 0.8703226671875001 0.53217525 0.9076666671875 0.54325 0.9316666671875 0.5469999999999999 0.9473733328125 0.5405807499999999 0.955779 0.5279725 0.952627 0.5119495 0.9413333328125001 0.4955 0.9228573328125 0.48331799999999997 0.9021936671875 0.47359925 0.849 0.45149999999999996 0.82 0.44525 0.796424 0.44155300000000003 0.7803136671875001 0.44628125 0.7683333328125 0.45675 0.7496666671875001 0.45875000000000005 0.7466666671875 0.4615 0.7473333328125 0.46375 0.7506666671875 0.465 0.7665556671875 0.4655 0.8109999999999999 0.485
8 0.890286 0.6256867500000001 0.935816 0.634355 0.9848480000000001 0.637507 0.9996666671875 0.63325 0.9996666671875 0.58025 0.9863333328125 0.5740000000000001 0.9743333328125001 0.5700000000000001 0.944 0.5622499999999999 0.8976666671875 0.5547500000000001 0.8343333328125 0.5525 0.787 0.55675 0.779 0.5589999999999999 0.7716666671875 0.56525 0.7696666671875 0.56825 0.771 0.5725 0.8143333328125 0.59175 0.890286 0.6256867500000001
8 0.779 0.554 0.8046666671875 0.55525 0.8216666671875 0.55375 0.845726 0.5520925 0.8946666671875001 0.5547500000000001 0.9099999999999999 0.55725 0.9464076671875 0.56222425 0.9446666671875 0.5549999999999999 0.9303496671874999 0.54750425 0.9036666671875 0.5427500000000001 0.8786666671875001 0.53575 0.8378243328125 0.5222702499999999 0.7888853328125001 0.51309425 0.7720626671875 0.51385875 0.7563333328125 0.505 0.7513333328125 0.505 0.745554 0.5088885000000001 0.7631416671875 0.5247555 0.7616123328125 0.5348872499999999 0.7696666671875 0.54875 0.779 0.554
8 0.6932413328125 0.5909709999999999 0.736712 0.6173965 0.79391 0.66132475 0.829144 0.6880935 0.86 0.69325 0.8816666671875 0.69325 0.8959513328125001 0.689123 0.907391 0.67573875 0.9083333328125001 0.6525000000000001 0.8923333328125 0.6327499999999999 0.873 0.619 0.8336666671874999 0.5995 0.7836666671875 0.579 0.755 0.56825 0.7248146671875 0.55768175 0.7120023328125 0.56111375 0.6936666671875 0.54725 0.688 0.54875 0.6849999999999999 0.5525 0.6932413328125 0.567291 0.6868350000000001 0.57587075 0.6932413328125 0.5909709999999999
2 0.10266666718749999 0.7537499999999999 0.10300000000000001 0.7575000000000001 0.11100000000000002 0.76225 0.1253333328125 0.7657499999999999 0.131 0.7715 0.1503333328125 0.7765 0.157 0.77525 0.1696666671875 0.76875 0.17433333281250002 0.76375 0.1853333328125 0.7575000000000001 0.195 0.74825 0.199 0.738 0.19866666718749998 0.73475 0.1953333328125 0.7295 0.1943333328125 0.72075 0.1916666671875 0.716 0.1783333328125 0.7045 0.17366666718749998 0.7025 0.16499999999999998 0.70225 0.15 0.70475 0.1376666671875 0.7082499999999999 0.1106666671875 0.71875 0.10066666718749999 0.7285 0.098 0.7335 0.0983333328125 0.73775 0.10400000000000001 0.7434999999999999 0.1066666671875 0.75 0.10266666718749999 0.7537499999999999
2 0.3263333328125 0.80575 0.33799999999999997 0.8035 0.3453333328125 0.8002499999999999 0.351 0.7927500000000001 0.3543333328125 0.78625 0.356 0.76375 0.3536666671875 0.7595 0.33366666718750004 0.744 0.322 0.74375 0.2873333328125 0.75475 0.282 0.76025 0.2763333328125 0.77525 0.2753333328125 0.78325 0.2823333328125 0.79525 0.2906666671875 0.80275 0.3263333328125 0.80575
2 0.3923333328125 0.834 0.4113333328125 0.8380000000000001 0.4273333328125 0.8387499999999999 0.45866666718750004 0.82325 0.46266666718750005 0.82 0.46699999999999997 0.8087500000000001 0.46666666718750005 0.79625 0.4493333328125 0.779 0.41633333281249996 0.769 0.40800000000000003 0.76825 0.38533333281250004 0.775 0.3806666671875 0.7785 0.37733333281250003 0.78675 0.3743333328125 0.82225 0.3743333328125 0.8262499999999999 0.3763333328125 0.82825 0.3923333328125 0.834
2 0.24266666718750002 0.734 0.2483333328125 0.73675 0.2666666671875 0.74175 0.2823333328125 0.74125 0.29700000000000004 0.7342500000000001 0.313 0.7165 0.3116666671875 0.7122499999999999 0.29500000000000004 0.7070000000000001 0.2326666671875 0.696 0.2213333328125 0.69675 0.2166666671875 0.70025 0.2166666671875 0.702 0.2332276671875 0.7081615 0.23566666718749998 0.728 0.24266666718750002 0.734
2 0.8723333328124999 0.90625 0.885 0.9057499999999999 0.8956666671875 0.88225 0.8966666671875 0.8705 0.8866666671875001 0.85175 0.8753333328125 0.8432499999999999 0.834 0.829 0.8206666671875 0.8275 0.7943333328125 0.83125 0.79 0.834 0.7866666671875 0.8622500000000001 0.787 0.8720000000000001 0.7923333328125 0.8845000000000001 0.7973333328125001 0.88825 0.8723333328124999 0.90625
2 0.891 0.90025 0.8913333328125 0.9039999999999999 0.8946666671875001 0.908 0.9016666671875001 0.9119999999999999 0.9386666671875 0.92025 0.9546666671875 0.92175 0.961 0.9195 0.9703333328125 0.91325 0.9873333328125 0.9045 0.9869999999999999 0.9005000000000001 0.9776666671875001 0.88558325 0.9806666671875 0.8772500000000001 0.9776666671875001 0.8685 0.9676666671874999 0.8595 0.9506666671874999 0.8487500000000001 0.9349999999999999 0.844 0.916 0.8432499999999999 0.9 0.8535 0.8936666671875001 0.8612500000000001 0.897 0.8717499999999999 0.897 0.8772500000000001 0.893 0.8975 0.891 0.90025