1 0.6497499999999999 0.2876666671875 0.6587500000000001 0.2943333328125 0.67 0.2976666671875 0.67925 0.31033333281250003 0.68925 0.3386666671875 0.6940000000000001 0.3456666671875 0.69475 0.35 0.69375 0.3543333328125 0.6975 0.3636666671875 0.697 0.365 0.7005 0.37033333281249997 0.70425 0.3806666671875 0.718 0.40433333281249995 0.7205 0.41200000000000003 0.7355 0.4436666671875 0.742 0.45133333281250004 0.744 0.45899999999999996 0.7595 0.48200000000000004 0.783 0.5136666671875 0.79875 0.5293333328125 0.828 0.545 0.84175 0.5483333328125 0.8494999999999999 0.5429999999999999 0.8542500000000001 0.533 0.85275 0.526 0.8535 0.5206666671875 0.85 0.514 0.851 0.5096666671875 0.84925 0.5053333328125 0.8574999999999999 0.48733333281249996 0.89225 0.5113333328125 0.9005000000000001 0.5116666671875 0.90425 0.5096666671875 0.9067500000000001 0.5056666671875 0.9085000000000001 0.4993333328125 0.9085000000000001 0.4926666671875 0.9032500000000001 0.45499999999999996 0.89725 0.4373333328125 0.8867499999999999 0.41600000000000004 0.88475 0.4073333328125 0.8887499999999999 0.3963333328125 0.8895 0.3723333328125 0.8885 0.3566666671875 0.877 0.305 0.8494999999999999 0.22033333281249998 0.83375 0.1793333328125 0.8172499999999999 0.1426666671875 0.805 0.1193333328125 0.79475 0.10500000000000001 0.77975 0.0953333328125 0.7745 0.094 0.76775 0.0943333328125 0.764 0.0953333328125 0.76 0.099 0.757 0.0986666671875 0.75325 0.094 0.752 0.0873333328125 0.749 0.08299999999999999 0.748 0.079 0.74025 0.07133333281250001 0.727 0.06899999999999999 0.7162499999999999 0.06999999999999999 0.713 0.0716666671875 0.70875 0.0763333328125 0.705 0.08499999999999999 0.70425 0.0946666671875 0.70075 0.10333333281249998 0.702 0.10900000000000001 0.6990000000000001 0.1196666671875 0.69275 0.129 0.68575 0.134 0.68175 0.1346666671875 0.67875 0.1383333328125 0.6755 0.146 0.67425 0.1463333328125 0.6719999999999999 0.155 0.6565000000000001 0.162 0.644 0.1776666671875 0.6385 0.189 0.635 0.20833333281250002 0.6345 0.217 0.637 0.24 0.64175 0.2636666671875 0.6497499999999999 0.2876666671875
5 0.45775 0.46733333281249995 0.45975 0.4783333328125 0.48150000000000004 0.5113333328125 0.48324999999999996 0.5215 0.483 0.533 0.48674999999999996 0.5443333328125 0.492 0.5533333328125 0.49924999999999997 0.562 0.5485 0.5873333328125 0.5725 0.5913333328125 0.57775 0.5896666671874999 0.5912499999999999 0.5806666671875 0.61425 0.5803333328125 0.61575 0.583 0.66975 0.5386666671875 0.6775 0.5353333328125001 0.683 0.529 0.68675 0.5176666671875 0.6865 0.5026666671875 0.6948005 0.4718743328125 0.70463125 0.45086366718750004 0.711715 0.4256123328125 0.70475 0.42000000000000004 0.702 0.417 0.6995 0.40700000000000003 0.6975 0.40366666718750005 0.6945 0.3886666671875 0.6895 0.383 0.68925 0.3493333328125 0.69025 0.3453333328125 0.6865 0.343 0.67925 0.325 0.6775 0.3153333328125 0.66975 0.302 0.6625 0.29733333281249996 0.60775 0.2746666671875 0.602 0.2793333328125 0.568 0.2866666671875 0.56075 0.2836666671875 0.55625 0.284 0.536 0.2903333328125 0.525 0.2986666671875 0.52125 0.29700000000000004 0.51375 0.2986666671875 0.51072125 0.3023923328125 0.49275 0.3246666671875 0.48425 0.32966666718750004 0.47800000000000004 0.33799999999999997 0.472 0.3533333328125 0.45575 0.4273333328125 0.45949999999999996 0.44800000000000006 0.4575 0.458 0.45775 0.46733333281249995
2 0.466 0.25433333281250003 0.46925 0.2626666671875 0.477 0.2763333328125 0.48525 0.2876666671875 0.49375 0.29533333281249996 0.505 0.301 0.516 0.29500000000000004 0.52925 0.292 0.546 0.2806666671875 0.5627500000000001 0.2646666671875 0.57125 0.252 0.59575 0.2033333328125 0.59975 0.193 0.602 0.17533333281250002 0.60175 0.157 0.5995 0.1423333328125 0.585 0.10933333281249999 0.5765 0.0956666671875 0.5695 0.0876666671875 0.5535 0.078 0.54425 0.07566666718750001 0.533 0.0773333328125 0.5247499999999999 0.0826666671875 0.52 0.0893333328125 0.5145 0.092 0.50575 0.086 0.49349999999999994 0.0856666671875 0.48575 0.088 0.47424999999999995 0.0953333328125 0.46224999999999994 0.11100000000000002 0.4545 0.1266666671875 0.44925 0.1543333328125 0.44825 0.1643333328125 0.4505 0.1856666671875 0.45949999999999996 0.2193333328125 0.466 0.25433333281250003
0 0.35525 0.3883333328125 0.36875 0.40599999999999997 0.3955 0.418 0.4125 0.4186666671875 0.43099999999999994 0.41333333281250006 0.44349999999999995 0.4066666671875 0.45949999999999996 0.392 0.466 0.3806666671875 0.481 0.3263333328125 0.4805 0.3153333328125 0.476 0.2983333328125 0.45999999999999996 0.2676666671875 0.44875 0.253 0.4385 0.244 0.43075 0.2403333328125 0.422 0.23866666718750001 0.40025000000000005 0.23766666718749999 0.389 0.2396666671875 0.37275 0.2483333328125 0.3605 0.25833333281250004 0.34500000000000003 0.2826666671875 0.34075 0.298 0.339 0.31 0.33925 0.33399999999999996 0.3435 0.3573333328125 0.35150000000000003 0.381 0.35525 0.3883333328125
6 0.16625 0.654 0.17375000000000002 0.6599999999999999 0.1845 0.6639999999999999 0.20525000000000002 0.6616666671875 0.21749999999999997 0.6519999999999999 0.22974999999999998 0.637 0.23675000000000002 0.622 0.27319725 0.5128576671875 0.27358425 0.496347 0.28480625000000004 0.4767406671875 0.33850475 0.320405 0.34158575 0.2890833328125 0.36150000000000004 0.25166666718749997 0.365 0.21633333281249997 0.36124999999999996 0.199 0.35724999999999996 0.1933333328125 0.34125 0.1863333328125 0.312 0.2146666671875 0.30525 0.2233333328125 0.279 0.2696666671875 0.215 0.393 0.185 0.46266666718750005 0.1635 0.5326666671875 0.15475 0.579 0.15525 0.6273333328125 0.1595 0.6426666671875 0.16275 0.6493333328124999 0.16625 0.654
8 0.46925 0.7413333328125 0.5005 0.788 0.54875 0.836 0.5645 0.8460000000000001 0.5829725 0.8486033328125 0.60231625 0.8445576671874999 0.62275 0.8640000000000001 0.627 0.8643333328124999 0.63152175 0.862258 0.6125572499999999 0.8228116671875 0.60775 0.7666666671875 0.590179 0.7317813328125 0.570835 0.6569343328125 0.5404917499999999 0.611925 0.5225 0.6013333328125 0.511 0.5986666671875 0.48575 0.6003333328125 0.47050000000000003 0.613 0.45175 0.6496666671875 0.4495 0.6576666671875 0.4495 0.6863333328125 0.45275 0.7076666671875 0.45625 0.7173333328125 0.46925 0.7413333328125
10 0.43899999999999995 0.9113333328125 0.44675000000000004 0.9213333328125 0.45824999999999994 0.9303333328125 0.46675000000000005 0.9339999999999999 0.48224999999999996 0.9346666671875001 0.493 0.9306666671875 0.50575 0.921 0.51375 0.9119999999999999 0.521 0.9006666671874999 0.52525 0.892 0.52975 0.8779999999999999 0.53175 0.8619999999999999 0.53175 0.8413333328125001 0.5275000000000001 0.8220000000000001 0.5225 0.8113333328125 0.5155000000000001 0.8023333328125 0.49400000000000005 0.7856666671875 0.47850000000000004 0.7816666671875 0.45475000000000004 0.7913333328125 0.43025 0.833 0.42725 0.8523333328125 0.42675 0.8626666671875001 0.4285 0.881 0.43150000000000005 0.8960000000000001 0.43899999999999995 0.9113333328125
10 0.34950000000000003 0.8613333328125 0.361 0.869 0.37075 0.873 0.37875000000000003 0.874 0.38849999999999996 0.8720000000000001 0.40425000000000005 0.8619999999999999 0.41550000000000004 0.8493333328125001 0.421 0.8416666671874999 0.42300000000000004 0.836 0.4505 0.8119999999999999 0.45225 0.8026666671875 0.45225 0.7983333328125 0.45099999999999996 0.796 0.44675000000000004 0.796 0.43499999999999994 0.8026666671875 0.43274999999999997 0.8013333328125001 0.43174999999999997 0.7713333328124999 0.42774999999999996 0.7556666671875 0.42275 0.7443333328125 0.41675000000000006 0.7343333328125 0.41174999999999995 0.7286666671875001 0.396 0.7193333328125 0.38925 0.7173333328125 0.3725 0.7173333328125 0.36924999999999997 0.7186666671874999 0.35825 0.728 0.34375 0.7433333328125 0.32999999999999996 0.7716666671875 0.325 0.7983333328125 0.32525 0.8153333328124999 0.3275 0.8310000000000001 0.33675 0.8493333328125001 0.34950000000000003 0.8613333328125
12 0.2625 0.662 0.275 0.67 0.28700000000000003 0.6723333328125001 0.29874999999999996 0.6726666671875 0.30525 0.671 0.3115 0.667 0.32675 0.6523333328125 0.33525 0.636 0.33999999999999997 0.615 0.33825 0.596 0.3275 0.571 0.31775000000000003 0.5599999999999999 0.31074999999999997 0.5546666671875 0.29874999999999996 0.5506666671875 0.28300000000000003 0.5516666671875 0.26749999999999996 0.5599999999999999 0.25875 0.5676666671875 0.2495 0.5820000000000001 0.244 0.607 0.24325000000000002 0.6156666671875 0.24500000000000002 0.631 0.254 0.654 0.2625 0.662
2 0.608109 0.7625213328125 0.618109 0.7725213328125 0.627359 0.7758546671875 0.6463384999999999 0.7752413328125 0.65376775 0.771592 0.661588 0.7804546671875 0.677109 0.7855213328125 0.6883589999999999 0.7835213328124999 0.698109 0.776188 0.716359 0.7518546671874999 0.722109 0.7401880000000001 0.7253225 0.7147653328125 0.71867525 0.696518 0.73079675 0.6866126671874999 0.735859 0.6695213328125 0.735859 0.6575213328125 0.732359 0.6395213328125 0.724109 0.617188 0.717859 0.6058546671875 0.692859 0.5795213328125 0.6876089999999999 0.5758546671875 0.676609 0.5718546671875 0.663359 0.5725213328125001 0.6420375 0.5979836671875 0.602609 0.604188 0.588359 0.6238546671874999 0.583359 0.6351880000000001 0.579609 0.6508546671875 0.579359 0.678188 0.590109 0.7318546671874999 0.594109 0.7408546671875 0.608109 0.7625213328125
3 0.29500000000000004 0.5496666671875 0.29874999999999996 0.5476666671875 0.3025 0.5509999999999999 0.307 0.55 0.3145 0.554 0.322 0.5636666671875 0.33075 0.5716666671875 0.335 0.5883333328125 0.341 0.5983333328125 0.34025 0.602 0.341 0.6156666671875 0.3395 0.6256666671875 0.3345 0.6426666671875 0.32925 0.6543333328125 0.32775 0.6693333328125 0.32825000000000004 0.6746666671875 0.32599999999999996 0.6803333328125001 0.32675 0.6933333328125 0.33525 0.701 0.3415 0.705 0.35675 0.71 0.3695 0.7093333328125 0.37675000000000003 0.7023333328125 0.381 0.686 0.38275000000000003 0.6713333328125 0.38575 0.6636666671875 0.396 0.649 0.413 0.6553333328125001 0.41574999999999995 0.6586666671875 0.41925 0.6603333328125001 0.42800000000000005 0.6596666671875 0.44375 0.6536666671875 0.4495 0.649 0.457 0.639 0.46275000000000005 0.6263333328125 0.46525 0.619 0.46575 0.6073333328125 0.461 0.5923333328125 0.46224999999999994 0.5893333328125 0.46900000000000003 0.584 0.47625 0.564 0.47725 0.5603333328125 0.47675 0.5566666671875 0.4605 0.49766666718749997 0.45175 0.4766666671875 0.43949999999999995 0.4526666671875 0.43274999999999997 0.44333333281250004 0.41525 0.42766666718749996 0.40449999999999997 0.422 0.39825 0.42133333281249996 0.38849999999999996 0.4226666671875 0.37525 0.4273333328125 0.35625 0.42699999999999994 0.3375 0.43 0.318 0.44333333281250004 0.31025 0.45199999999999996 0.307 0.45999999999999996 0.3045 0.46266666718750005 0.29225 0.472 0.28125 0.47800000000000004 0.27525 0.49133333281249997 0.27225 0.5016666671875 0.27225 0.5216666671875 0.27875 0.5413333328125 0.28700000000000003 0.5493333328125 0.29500000000000004 0.5496666671875