0 0.43 0.9942500000000001 0.43933333281250003 0.98225 0.4413333328125 0.97575 0.44400000000000006 0.9644999999999999 0.44333333281250004 0.94725 0.4376666671875 0.9352499999999999 0.4286666671875 0.9225 0.41633333281249996 0.9119999999999999 0.40800000000000003 0.907 0.4006666671875 0.905 0.3906666671875 0.9045 0.3736666671875 0.90725 0.3616666671875 0.9112500000000001 0.33999999999999997 0.92225 0.32166666718750003 0.9365 0.3166666671875 0.942 0.3093333328125 0.951 0.306 0.96125 0.312 0.9782500000000001 0.323 0.99975 0.42800000000000005 0.99975 0.43 0.9942500000000001
0 0.2146666671875 0.81925 0.22599999999999998 0.82725 0.23199999999999998 0.82975 0.24533333281249997 0.8345 0.2613333328125 0.83675 0.2733333328125 0.8365 0.2876666671875 0.83375 0.3023333328125 0.828 0.31066666718749997 0.82225 0.3193333328125 0.81525 0.32799999999999996 0.80375 0.33366666718750004 0.7865 0.3326666671875 0.7747499999999999 0.32799999999999996 0.7635 0.322 0.756 0.31 0.7464999999999999 0.2866666671875 0.73625 0.262 0.73325 0.2553333328125 0.73325 0.24333333281249997 0.7355 0.23333333281250002 0.73925 0.2273333328125 0.743 0.2193333328125 0.75 0.207 0.7657499999999999 0.199 0.78275 0.19866666718749998 0.79475 0.20099999999999998 0.80325 0.207 0.81225 0.2146666671875 0.81925
0 0.3356666671875 0.881 0.33999999999999997 0.88375 0.3443333328125 0.8895 0.3536666671875 0.8949999999999999 0.374 0.8939999999999999 0.386 0.89 0.399 0.8805 0.41100000000000003 0.8692500000000001 0.42033333281249996 0.857 0.4273333328125 0.83825 0.42766666718749996 0.82175 0.42533333281249996 0.8145 0.42000000000000004 0.80625 0.41233333281249995 0.79875 0.38733333281250004 0.787 0.3693333328125 0.7837500000000001 0.362 0.784 0.351 0.78675 0.33366666718750004 0.79425 0.324 0.81075 0.3151666671875 0.820625 0.3046666671875 0.8285 0.29733333281249996 0.8487500000000001 0.29700000000000004 0.85375 0.2996666671875 0.861 0.31266666718749997 0.8717499999999999 0.3356666671875 0.881
0 0.2116666671875 0.95875 0.2013333328125 0.9432499999999999 0.1956666671875 0.9390000000000001 0.1856666671875 0.9349999999999999 0.17733333281250002 0.9342499999999999 0.16399999999999998 0.93625 0.142 0.93625 0.1193333328125 0.9385 0.10300000000000001 0.9465 0.10066666718749999 0.962 0.098 0.99975 0.219 0.99975 0.2186666671875 0.9814999999999999 0.2116666671875 0.95875
0 0.488 0.86975 0.503 0.87675 0.5123333328124999 0.8785000000000001 0.5253333328124999 0.8789999999999999 0.5383333328125001 0.8772500000000001 0.5456666671875 0.874 0.5563333328125 0.866 0.5653333328125 0.8522500000000001 0.5696666671874999 0.8355 0.5676666671875 0.81425 0.5633333328125001 0.8067500000000001 0.5563333328125 0.799 0.5526666671875 0.79625 0.5333333328125 0.78825 0.519 0.786 0.505 0.786 0.49000000000000005 0.79025 0.4803333328125 0.79775 0.47466666718750006 0.805 0.46699999999999997 0.819 0.465 0.82575 0.46566666718749994 0.841 0.46966666718749994 0.8522500000000001 0.4733333328125 0.8574999999999999 0.488 0.86975
0 0.45499999999999996 0.754 0.4693333328125 0.76525 0.48566666718749996 0.77125 0.49800000000000005 0.77175 0.5226666671875 0.7645 0.5403333328125 0.75 0.5473333328125001 0.74 0.5493333328125 0.72425 0.544 0.7112499999999999 0.5386666671875 0.70475 0.529 0.6980000000000001 0.5213333328124999 0.6935 0.513 0.6917500000000001 0.5036666671875001 0.6905 0.48966666718749996 0.69075 0.4756666671875 0.6950000000000001 0.46166666718749994 0.7065 0.45 0.7205 0.446 0.72775 0.44666666718750003 0.73725 0.4493333328125 0.745 0.45499999999999996 0.754
0 0.4 0.726 0.40933333281250006 0.7292500000000001 0.42766666718749996 0.7292500000000001 0.44333333281250004 0.7230000000000001 0.4516666671875 0.71725 0.47066666718750005 0.697 0.47066666718750005 0.68025 0.46666666718750005 0.671 0.4613333328125 0.66525 0.4436666671875 0.6537499999999999 0.43166666718749996 0.64925 0.4113333328125 0.64725 0.40199999999999997 0.65 0.391 0.65525 0.3743333328125 0.666 0.368 0.67275 0.3656666671875 0.6775 0.36633333281249997 0.68975 0.376 0.70875 0.3883333328125 0.7195 0.4 0.726
0 0.47766666718749995 0.6805 0.5016666671875 0.67925 0.5166666671875 0.6715 0.5266666671875 0.66325 0.5326666671875 0.64825 0.5323333328125 0.6345 0.5256666671875 0.6252500000000001 0.51 0.61425 0.49366666718749996 0.61 0.4703333328125 0.6115 0.4533333328125 0.6184999999999999 0.4376666671875 0.6335 0.43499999999999994 0.6415 0.4346666671875 0.64675 0.4363333328125 0.6497499999999999 0.4716666671875 0.679 0.47766666718749995 0.6805
0 0.3963333328125 0.63475 0.40766666718750005 0.63725 0.417 0.637 0.43499999999999994 0.63375 0.45199999999999996 0.6184999999999999 0.45599999999999996 0.6054999999999999 0.45599999999999996 0.5915 0.4523333328125 0.583 0.44299999999999995 0.57475 0.4346666671875 0.5705 0.4186666671875 0.5690000000000001 0.4046666671875 0.572 0.3923333328125 0.579 0.38 0.58975 0.373 0.60275 0.374 0.61875 0.3763333328125 0.623 0.3846666671875 0.63 0.3963333328125 0.63475
0 0.458 0.59875 0.4603333328125 0.5995 0.47066666718750005 0.5995 0.49000000000000005 0.5902499999999999 0.5056666671875 0.5785 0.511 0.5685 0.5103333328125 0.55625 0.5053333328125 0.549 0.49766666718749997 0.5427500000000001 0.4823333328125 0.5375 0.47366666718749995 0.53675 0.45533333281250005 0.54075 0.43566666718749997 0.5507500000000001 0.42933333281249997 0.558 0.42533333281249996 0.56425 0.426 0.56825 0.4503016671875 0.5779 0.458 0.59875
0 0.44800000000000006 0.52159375 0.4476666671875 0.53325 0.45066666718750004 0.53525 0.4613333328125 0.5375 0.47933333281249996 0.5355000000000001 0.4846666671875 0.5309999999999999 0.4893333328125 0.5237499999999999 0.49400000000000005 0.522 0.49766666718749997 0.51825 0.5 0.513 0.4996666671875 0.50575 0.491 0.49375 0.479 0.48475 0.46699999999999997 0.4805 0.4556666671875 0.47824999999999995 0.44299999999999995 0.47975 0.43 0.489 0.425 0.49400000000000005 0.43966666718749997 0.5035000000000001 0.445 0.51125 0.44800000000000006 0.52159375
0 0.3913333328125 0.54875 0.3923333328125 0.5622499999999999 0.396 0.5645 0.40366666718750005 0.5645 0.4136666671875 0.562 0.42833333281249997 0.55425 0.43899999999999995 0.545 0.44733333281250004 0.5295 0.4476666671875 0.5207499999999999 0.446 0.51325 0.438 0.502 0.43166666718749996 0.49775 0.4126666671875 0.49175 0.4006666671875 0.492 0.383 0.49800000000000005 0.372 0.50725 0.364 0.51925 0.3643333328125 0.5247499999999999 0.37466666718749997 0.5287499999999999 0.3866666671875 0.5387500000000001 0.3913333328125 0.54875
0 0.16599999999999998 0.48825 0.184 0.491 0.20099999999999998 0.49050000000000005 0.2096666671875 0.4885 0.221 0.4845 0.229 0.48 0.23399999999999999 0.47625 0.24100000000000002 0.46749999999999997 0.24300000000000002 0.454 0.2383333328125 0.43674999999999997 0.2343333328125 0.43075 0.2286666671875 0.42675 0.2216666671875 0.4225 0.209 0.4175 0.1856666671875 0.41425 0.177 0.41425 0.155 0.418 0.15 0.43174999999999997 0.1483333328125 0.44875 0.145 0.45999999999999996 0.1396666671875 0.4665 0.1393333328125 0.47350000000000003 0.141 0.47675 0.154 0.484 0.16599999999999998 0.48825
0 0.2233333328125 0.5305 0.236 0.5377500000000001 0.255 0.54425 0.2693333328125 0.545 0.2793333328125 0.544 0.2866666671875 0.5427500000000001 0.29700000000000004 0.5387500000000001 0.3063333328125 0.5309999999999999 0.311 0.5245 0.3156666671875 0.514 0.3153333328125 0.50175 0.31233333281250003 0.49400000000000005 0.3086666671875 0.48975 0.2926666671875 0.47824999999999995 0.27599999999999997 0.47325 0.2593333328125 0.471 0.2476666671875 0.471 0.24266666718750002 0.47225 0.23500000000000001 0.47675 0.22799999999999998 0.487625 0.2126666671875 0.49775 0.215 0.50225 0.21200000000000002 0.51375 0.2173333328125 0.5255 0.2233333328125 0.5305
0 0.3183333328125 0.51225 0.3426666671875 0.51325 0.3516666671875 0.51125 0.372 0.503 0.37666666718749997 0.5 0.37966666718750003 0.4955 0.382 0.48224999999999996 0.3806666671875 0.46799999999999997 0.37533333281250003 0.457 0.36633333281249997 0.45199999999999996 0.3383333328125 0.44725000000000004 0.314 0.44875 0.3026666671875 0.454 0.294 0.4625 0.2916666671875 0.46799999999999997 0.292 0.47575 0.309 0.49000000000000005 0.31466666718749997 0.49824999999999997 0.3183333328125 0.51225
0 0.317 0.59275 0.32566666718750004 0.59525 0.3426666671875 0.596 0.3493333328125 0.59475 0.362 0.5900000000000001 0.38166666718750003 0.57775 0.3906666671875 0.5627500000000001 0.3913333328125 0.55 0.3866666671875 0.53975 0.37266666718749997 0.5285 0.3576666671875 0.5235000000000001 0.341 0.52225 0.32599999999999996 0.52525 0.31066666718749997 0.53075 0.301 0.5385 0.29333333281249996 0.5467500000000001 0.2876666671875 0.5595 0.2873333328125 0.5650000000000001 0.2946666671875 0.57875 0.3063333328125 0.58775 0.317 0.59275
0 0.712 0.5215 0.736 0.51875 0.744 0.51625 0.757 0.5055 0.7603333328125 0.49874999999999997 0.762 0.49024999999999996 0.7616666671875 0.48425 0.7593333328125 0.47874999999999995 0.7423333328124999 0.46175 0.7326666671875001 0.45775 0.7226666671875 0.4565 0.701 0.45824999999999994 0.6976666671875 0.46025 0.6833333328125 0.47074999999999995 0.6773333328125 0.48550000000000004 0.6773333328125 0.49625 0.6809999999999999 0.50575 0.6973333328125 0.5175 0.712 0.5215
0 0.6623333328125 0.47300000000000003 0.6776666671875 0.4715 0.693 0.46224999999999994 0.7023333328125 0.45225 0.7053333328125 0.44325000000000003 0.7056666671875 0.43550000000000005 0.7016666671875 0.42424999999999996 0.6923333328125 0.41600000000000004 0.6849999999999999 0.41275000000000006 0.6763333328125001 0.41075 0.6633333328125001 0.41 0.654 0.41150000000000003 0.6456666671875 0.414 0.64 0.41775 0.6396666671875 0.42024999999999996 0.6463333328124999 0.43899999999999995 0.661 0.472 0.6623333328125 0.47300000000000003
0 0.743 0.46275000000000005 0.7473333328125 0.46925 0.754 0.47350000000000003 0.7596666671875 0.4795 0.7616666671875 0.4875 0.7603333328125 0.5005 0.7636666671875 0.50125 0.7753333328124999 0.496 0.7856666671875 0.48575 0.7883333328125001 0.47625 0.787 0.46624999999999994 0.7783333328125 0.454 0.7713333328124999 0.44875 0.7633333328125 0.445 0.7566666671875 0.44375 0.737 0.44525 0.7283333328125 0.44775 0.7203333328125 0.45225 0.7186666671874999 0.45499999999999996 0.7203333328125 0.45599999999999996 0.7303333328125 0.45725 0.743 0.46275000000000005
0 0.7756666671875 0.52675 0.8023333328125 0.5325 0.807 0.5309999999999999 0.8133333328125 0.52175 0.8130000000000001 0.51275 0.8109999999999999 0.50675 0.8026666671875 0.49400000000000005 0.796 0.48949999999999994 0.7866666671875 0.48674999999999996 0.7693333328125 0.49874999999999997 0.761 0.501 0.7596666671875 0.502 0.7596666671875 0.5055 0.7673333328124999 0.5215 0.7756666671875 0.52675
0 0.7126666671875 0.5872499999999999 0.7166666671875 0.58675 0.7283333328125 0.5822499999999999 0.7326666671875001 0.579 0.737 0.5730000000000001 0.739 0.5635 0.7363333328125 0.5507500000000001 0.729 0.541 0.717 0.53425 0.7023333328125 0.53225 0.6900000000000001 0.53225 0.6893333328125 0.5347500000000001 0.6913333328125 0.542 0.7086666671875 0.5805 0.7126666671875 0.5872499999999999
0 0.726 0.5389999999999999 0.735 0.54875 0.7373333328125 0.554 0.7386666671875 0.5685 0.74 0.5705 0.764 0.5685 0.7673333328124999 0.56725 0.7756666671875 0.56025 0.7786666671875 0.55425 0.7813333328125001 0.5427500000000001 0.7776666671875 0.53 0.771 0.5245 0.762 0.5205 0.751 0.51925 0.7323333328125 0.5205 0.7126666671875 0.5235000000000001 0.7083333328125 0.52525 0.704 0.529 0.705 0.5315000000000001 0.7166666671875 0.53425 0.726 0.5389999999999999
0 0.7966666671875 0.5955 0.7973333328125001 0.61175 0.7983333328125 0.6125 0.8056666671875 0.61175 0.8220000000000001 0.60825 0.8300000000000001 0.6 0.8356666671875 0.5912499999999999 0.836 0.5815 0.8336666671874999 0.5742499999999999 0.8273333328125 0.56775 0.82 0.56375 0.8066666671875 0.56025 0.7849999999999999 0.55775 0.779 0.55525 0.7666666671875 0.56825 0.784 0.57725 0.7923333328125 0.5860000000000001 0.7966666671875 0.5955
0 0.8126836671875 0.655065 0.8363333328125 0.6677500000000001 0.8453333328125 0.6759999999999999 0.8503333328125 0.67475 0.8546666671875001 0.6719999999999999 0.8683333328125 0.6597500000000001 0.8716666671875 0.64775 0.8703333328125 0.6407499999999999 0.865 0.63025 0.8573333328125001 0.62225 0.8493333328125001 0.61625 0.8320000000000001 0.6094999999999999 0.827 0.60875 0.8173333328125001 0.6094999999999999 0.7976666671875 0.61375 0.7896666671875 0.6245 0.7813333328125001 0.632 0.78 0.63525 0.7816666671875 0.64225 0.7976666671875 0.64825 0.8126836671875 0.655065
0 0.8123333328125 0.714 0.8233333328124999 0.71075 0.8426666671874999 0.6950000000000001 0.845 0.686 0.844 0.6769999999999999 0.8380000000000001 0.66925 0.833 0.66525 0.8136666671875 0.6565000000000001 0.8123333328125 0.654 0.8063333328125 0.65075 0.7876666671875 0.64525 0.7786666671875 0.64525 0.7726666671875 0.6465 0.764 0.657 0.7563333328125 0.6637500000000001 0.7523333328125 0.666 0.748 0.66975 0.7586666671875 0.69775 0.7653333328125 0.70625 0.7946666671875 0.71375 0.8123333328125 0.714
0 0.8880000000000001 0.71325 0.8983333328124999 0.722 0.9043333328125 0.732 0.9056666671875 0.73775 0.9076666671875 0.739 0.9123333328125 0.7382500000000001 0.9263333328125001 0.72825 0.932 0.7195 0.933 0.7075 0.9279999999999999 0.69325 0.9189999999999999 0.6845 0.9126666671875 0.6809999999999999 0.9039999999999999 0.6785 0.8953333328124999 0.6775 0.8726666671875 0.68025 0.8543333328125 0.701 0.8560000000000001 0.70475 0.8743333328125 0.708 0.8880000000000001 0.71325
0 0.8806666671875 0.77125 0.8876666671875 0.76875 0.8966666671875 0.761 0.9043333328125 0.747 0.905 0.73575 0.9019999999999999 0.728 0.8966666671875 0.7205 0.8856666671875001 0.71175 0.8733333328124999 0.7072499999999999 0.8646666671875 0.70575 0.857 0.70525 0.8383333328125 0.708 0.8273333328125 0.72675 0.828 0.7325 0.8653333328124999 0.7457499999999999 0.8766666671875001 0.7615000000000001 0.8806666671875 0.77125
0 0.9363333328125 0.8007500000000001 0.9433333328125 0.8105 0.9506666671874999 0.8102499999999999 0.9550000000000001 0.8085000000000001 0.9633333328125 0.8009999999999999 0.968 0.7915 0.9686666671875 0.7825 0.9633333328125 0.76675 0.9596666671875 0.763 0.943 0.75275 0.9313333328125 0.7485 0.9146666671875 0.7462500000000001 0.9053333328125 0.748 0.897 0.761 0.885 0.7715 0.8923333328125 0.7769999999999999 0.9363333328125 0.8007500000000001
0 0.6813333328125 0.38725 0.6769999999999999 0.3955 0.6726666671875 0.40025000000000005 0.689 0.40549999999999997 0.705 0.40774999999999995 0.7166666671875 0.40700000000000003 0.7243333328125 0.4035 0.7346666671875 0.3915 0.7376666671875001 0.38125 0.7326666671875001 0.36275 0.7243333328125 0.354 0.716 0.34825 0.701 0.34675 0.686 0.34875 0.6676666671875 0.35675 0.667 0.35750000000000004 0.679 0.36825 0.6826666671875 0.37675000000000003 0.6813333328125 0.38725
0 0.6366666671875 0.39025 0.6666666671875 0.40025000000000005 0.6706666671875 0.40049999999999997 0.674 0.39875 0.6806666671875 0.389 0.6823333328125 0.3765 0.679 0.36825 0.6693333328125 0.36 0.6473333328125 0.35275 0.6366666671875 0.35275 0.627 0.3545 0.6186666671875 0.3585 0.6183333328125 0.36225 0.625 0.3805 0.6313333328125 0.3875 0.6366666671875 0.39025
0 0.8019999999999999 0.44375 0.807 0.44325000000000003 0.8116666671875 0.43775000000000003 0.8143333328125 0.43174999999999997 0.8146666671875 0.42675 0.8103333328125 0.41574999999999995 0.8023333328125 0.40875000000000006 0.791 0.40374999999999994 0.7766666671875 0.4025 0.767 0.403 0.7543333328124999 0.40725 0.75 0.41 0.7456666671875001 0.41525 0.7433333328125 0.41925 0.7433333328125 0.42374999999999996 0.7793333328125 0.43674999999999997 0.8019999999999999 0.44375
0 0.7363333328125 0.40625 0.7446666671875 0.409 0.7563333328125 0.40549999999999997 0.7696666671875 0.39825 0.774 0.39249999999999996 0.776 0.38025000000000003 0.771 0.369 0.7593333328125 0.36124999999999996 0.7483333328125 0.359 0.7333333328125 0.36124999999999996 0.74 0.3795 0.7296666671875001 0.40025000000000005 0.7333333328125 0.40199999999999997 0.7363333328125 0.40625
0 0.7826666671875 0.4025 0.7883333328125001 0.40325 0.8039999999999999 0.41025 0.8113333328125 0.4185 0.8136666671875 0.42374999999999996 0.8143333328125 0.43224999999999997 0.8213333328125 0.43 0.8276666671875 0.4245 0.8316666671874999 0.41624999999999995 0.8323333328125001 0.4085 0.8283333328125 0.3995 0.8210000000000001 0.39249999999999996 0.8066666671875 0.387 0.7946666671875 0.38675000000000004 0.7843333328125001 0.39025 0.7723333328125 0.396 0.7693333328125 0.40025000000000005 0.7713333328124999 0.40225 0.7746666671875 0.40325 0.7826666671875 0.4025
0 0.776 0.38115 0.7756666671875 0.389 0.7773333328125 0.39049999999999996 0.7833333328125 0.39025 0.7936666671875 0.38525 0.7996666671875 0.3775 0.8003333328125001 0.37425 0.7993333328125 0.366 0.794 0.359 0.7833333328125 0.35325 0.7716666671875 0.34900000000000003 0.759 0.348 0.752 0.34975 0.7486666671875 0.35375 0.7473333328125 0.35775 0.7636666671875 0.363 0.7726666671875 0.37124999999999997 0.776 0.38115
0 0.751 0.34950000000000003 0.7716666671875 0.34900000000000003 0.7753333328124999 0.35 0.7786666671875 0.34675 0.7809999999999999 0.3415 0.7806666671875 0.32999999999999996 0.7753333328124999 0.32175 0.768 0.31725 0.7596666671875 0.315 0.7426666671875 0.31575000000000003 0.735 0.318 0.7469886671875 0.3237705 0.7516666671875 0.33958325 0.75 0.34575 0.751 0.34950000000000003
0 0.725 0.35350000000000004 0.7333333328125 0.35825 0.7436666671875 0.358 0.7503333328124999 0.34975 0.7516666671875 0.33725 0.75 0.32975 0.7423333328124999 0.3205 0.74 0.319 0.733 0.318 0.7163333328125 0.319 0.7076666671875 0.324 0.7153333328125 0.32925 0.7223333328125 0.33775 0.7236666671875 0.3415 0.725 0.35350000000000004
0 0.6186666671875 0.35525 0.635 0.3525 0.647 0.352 0.658 0.34750000000000003 0.6633333328125001 0.33825 0.663 0.32925 0.6586666671875 0.322 0.6496666671875 0.31375000000000003 0.6386666671875 0.30975 0.6216666671875 0.307 0.6103333328125 0.31 0.601 0.31525 0.6006666671875001 0.31875 0.6083333328125 0.33825 0.615 0.352 0.6186666671875 0.35525
0 0.7383333328125 0.307 0.736 0.3145 0.757 0.315 0.7633333328125 0.31275 0.7666666671875 0.30625 0.7676666671875 0.29825 0.7636666671875 0.29 0.7593333328125 0.28650000000000003 0.7516666671875 0.28275 0.7446666671875 0.281 0.7263333328125 0.282 0.7213333328125 0.28325 0.721 0.28700000000000003 0.73 0.29100000000000004 0.737 0.2995 0.7383333328125 0.307
0 0.706 0.31074999999999997 0.708 0.3205 0.731 0.31825000000000003 0.7336666671875001 0.317 0.737 0.30225 0.7336666671875001 0.2945 0.729 0.29075 0.717 0.28625 0.7014083328125 0.28478225 0.6912376671875 0.28676 0.6856666671875 0.29075 0.689 0.29474999999999996 0.6980000000000001 0.29725 0.7016666671875 0.302 0.706 0.31074999999999997
0 0.6047776671875 0.275 0.6113333328125 0.27525 0.6203333328125 0.27825 0.6306666671875 0.28825 0.6346666671875 0.286 0.638 0.27925 0.6386666671875 0.2705 0.6343333328125 0.259 0.6306666671875 0.25475 0.6236666671875 0.2505 0.6113333328125 0.248 0.5956666671875 0.24775 0.584 0.25125000000000003 0.579 0.255 0.5796666671875 0.26225 0.5876666671875 0.27975 0.5916666671875 0.27775 0.6047776671875 0.275
0 0.5796666671875 0.254 0.5896666671874999 0.24900000000000003 0.5993333328125 0.24700000000000003 0.6076666671875001 0.24700000000000003 0.6186666671875 0.24874999999999997 0.6206666671875001 0.248 0.6236666671875 0.23900000000000002 0.622 0.23450000000000001 0.6156666671875 0.22749999999999998 0.5976666671875 0.22149999999999997 0.593 0.21875 0.584 0.217 0.576 0.21749999999999997 0.567 0.22174999999999997 0.5663333328125 0.22525 0.5716666671875 0.24025 0.576 0.2505 0.5796666671875 0.254
0 0.6416666671875 0.3085 0.6576666671875 0.3065 0.6721666671875 0.310125 0.6816666671875 0.315 0.6853333328125 0.31425000000000003 0.6856666671875 0.29874999999999996 0.682 0.29275 0.6696666671875 0.28475 0.663 0.28275 0.6506666671875 0.28375 0.6403333328125 0.28675 0.6346666671875 0.28975 0.6346666671875 0.29225 0.6383333328125 0.2975 0.6393333328125 0.3065 0.6416666671875 0.3085
0 0.6186666671875 0.30724999999999997 0.6346666671875 0.308 0.6376666671875 0.3065 0.6373333328124999 0.29900000000000004 0.6316666671875 0.28925 0.625 0.28225 0.615 0.27575 0.6033333328125 0.27425 0.588 0.27999999999999997 0.5883333328125 0.28700000000000003 0.5996666671875001 0.3125 0.6036666671875001 0.3125 0.6186666671875 0.30724999999999997
0 0.5683333328125 0.21949999999999997 0.5746666671875 0.217 0.5816666671874999 0.21600000000000003 0.5976666671875 0.2185 0.6073333328125 0.21075 0.6123333328125 0.20099999999999998 0.6096666671875 0.18875 0.5993333328125 0.181 0.5913333328125 0.1775 0.584 0.1765 0.5723333328125 0.1775 0.5606666671875 0.18225 0.5536666671875 0.18925 0.5526666671875 0.1935 0.5549999999999999 0.20074999999999998 0.5646666671875 0.219 0.5683333328125 0.21949999999999997
0 0.6903333328125 0.271625 0.6903333328125 0.27949999999999997 0.6886666671875 0.28250000000000003 0.6896666671875 0.28525 0.718 0.284 0.7213333328125 0.27625 0.72 0.26675 0.7156666671874999 0.2595 0.709 0.2535 0.6993333328125 0.25075 0.6826666671875 0.25075 0.6763333328125001 0.25175000000000003 0.6736666671875 0.25375000000000003 0.6736666671875 0.2565 0.6809999999999999 0.2595 0.6853333328125 0.26325 0.6903333328125 0.271625
0 0.7076666671875 0.25125000000000003 0.713 0.2515 0.7293333328125 0.24874999999999997 0.735 0.24025 0.7346666671875 0.23199999999999998 0.7323333328125 0.227 0.7243333328125 0.221 0.7123333328125 0.21800000000000003 0.7033333328125 0.21725 0.6913333328125 0.21925 0.6849999999999999 0.22374999999999998 0.6856666671875 0.22749999999999998 0.704 0.2355 0.706 0.24874999999999997 0.7076666671875 0.25125000000000003
0 0.22400000000000003 0.31275 0.23333333281250002 0.316 0.244 0.3235 0.24733333281249997 0.32175 0.2556666671875 0.308 0.2576666671875 0.298 0.2553333328125 0.28700000000000003 0.24666666718750002 0.27375 0.23500000000000001 0.26549999999999996 0.21633333281249997 0.2585 0.20033333281250001 0.25775000000000003 0.1876666671875 0.26075 0.1833333328125 0.26325 0.1823333328125 0.29125 0.1843333328125 0.2935 0.20866666718750002 0.30975 0.22400000000000003 0.31275
0 0.3293333328125 0.3265 0.3333333328125 0.3275 0.3406666671875 0.32875 0.354 0.32875 0.3586666671875 0.32775 0.36666666718749996 0.32175 0.379 0.3065 0.37966666718750003 0.29025 0.377 0.28250000000000003 0.371 0.27425 0.36466666718749996 0.27 0.3486666671875 0.265 0.33799999999999997 0.26375000000000004 0.3306666671875 0.2645 0.323 0.266 0.3173333328125 0.2685 0.3056666671875 0.2805 0.3006666671875 0.29100000000000004 0.3003333328125 0.30175 0.306 0.3125 0.3223333328125 0.31975 0.3293333328125 0.3265
0 0.2713333328125 0.28425 0.28700000000000003 0.28425 0.298 0.2815 0.3116666671875 0.2725 0.3156666671875 0.26749999999999996 0.3166666671875 0.252 0.31266666718749997 0.2405 0.3043333328125 0.23374999999999999 0.28900000000000003 0.2265 0.2736666671875 0.2245 0.263 0.22525 0.2553333328125 0.22774999999999998 0.24266666718750002 0.23725000000000002 0.23733333281250002 0.244 0.2363333328125 0.24775 0.2366666671875 0.256 0.2403333328125 0.2645 0.266 0.28225 0.2713333328125 0.28425
0 0.21233333281250003 0.2405 0.231 0.24275000000000002 0.236 0.24225 0.2606666671875 0.2245 0.263 0.21675 0.262 0.20950000000000002 0.2596666671875 0.2045 0.248 0.19025 0.2126666671875 0.1755 0.197 0.1755 0.1873333328125 0.181 0.1766666671875 0.193 0.17433333281250002 0.2045 0.174 0.213 0.1766666671875 0.21749999999999997 0.205 0.23775 0.21233333281250003 0.2405
0 0.2133333328125 0.159 0.22033333281249998 0.161 0.2403333328125 0.16125 0.2476666671875 0.1585 0.263 0.14625 0.26433333281250004 0.14075 0.2636666671875 0.1305 0.2576666671875 0.118 0.24300000000000002 0.10325 0.23133333281250001 0.09725 0.21633333281249997 0.0955 0.2 0.098 0.1913333328125 0.1085 0.186 0.119 0.1833333328125 0.12775 0.1873333328125 0.13899999999999998 0.2046666671875 0.15425 0.2133333328125 0.159
0 0.318 0.15025 0.32 0.14275 0.3186666671875 0.13274999999999998 0.31066666718749997 0.123 0.3036666671875 0.11825000000000001 0.2943333328125 0.11399999999999999 0.272 0.10925 0.263 0.1105 0.2556666671875 0.11425 0.2636666671875 0.14625 0.2916743328125 0.14109100000000002 0.3063333328125 0.155 0.318 0.15025
0 0.2726896671875 0.17949175 0.3066666671875 0.1935 0.31766666718750003 0.187 0.3203333328125 0.18375 0.3206666671875 0.17775000000000002 0.3186666671875 0.1705 0.3093333328125 0.15725 0.29533333281249996 0.145 0.2896666671875 0.14350000000000002 0.279 0.143 0.264 0.14725 0.25466666718750003 0.15375 0.246 0.162 0.2416666671875 0.1705 0.24066666718750002 0.17375000000000002 0.24333333281249997 0.1815 0.248 0.18725 0.2726896671875 0.17949175
0 0.3396666671875 0.1885 0.3573333328125 0.19775 0.37066666718749997 0.18925 0.36866666718749996 0.1815 0.3603333328125 0.16575 0.3526666671875 0.16 0.32966666718750004 0.14950000000000002 0.31466666718749997 0.153 0.3116666671875 0.1555 0.31066666718749997 0.15825 0.3186666671875 0.17325 0.31966666718750003 0.1855 0.3396666671875 0.1885
0 0.4073333328125 0.1985 0.4216666671875 0.1905 0.42366666718749996 0.18525 0.42033333281249996 0.17625 0.41200000000000003 0.16625 0.4 0.158 0.3883333328125 0.15475 0.3806666671875 0.154 0.3713333328125 0.1565 0.3623333328125 0.162 0.3596666671875 0.16599999999999998 0.3693333328125 0.18925 0.3856666671875 0.18975 0.4073333328125 0.1985
0 0.42366666718749996 0.22825 0.42933333281249997 0.22625 0.43933333281250003 0.22599999999999998 0.45133333281250004 0.22825 0.46266666718750005 0.23325 0.4636666671875 0.2325 0.46566666718749994 0.2285 0.4663333328125 0.22025 0.46333333281250005 0.2125 0.4563333328125 0.20350000000000001 0.44733333281250004 0.197 0.43833333281250003 0.193 0.43099999999999994 0.19175 0.41966666718749995 0.19375 0.41200000000000003 0.199 0.41 0.20099999999999998 0.42033333281249996 0.215 0.422 0.22625 0.42366666718749996 0.22825
0 0.377 0.23075 0.3896666671875 0.229 0.41200000000000003 0.23399999999999999 0.42033333281249996 0.229 0.422 0.22374999999999998 0.42000000000000004 0.215 0.41100000000000003 0.20299999999999999 0.403 0.19724999999999998 0.389 0.19125 0.37666666718749997 0.1895 0.3693333328125 0.1915 0.3593333328125 0.19775 0.359 0.20099999999999998 0.369 0.2125 0.3736666671875 0.22999999999999998 0.377 0.23075
0 0.3233333328125 0.22125 0.32166666718750003 0.23224999999999998 0.343 0.22949999999999998 0.3576666671875 0.23174999999999998 0.365 0.23575 0.3696666671875 0.23349999999999999 0.3723333328125 0.22875 0.3723333328125 0.22549999999999998 0.369 0.213 0.3583333328125 0.19924999999999998 0.3496666671875 0.193 0.3343333328125 0.18725 0.32166666718750003 0.1865 0.311 0.1915 0.308 0.19524999999999998 0.309 0.1995 0.317 0.205 0.32166666718750003 0.21225 0.3233333328125 0.22125
0 0.2626666671875 0.2245 0.2766666671875 0.2245 0.29 0.22675 0.29733333281249996 0.22949999999999998 0.3063333328125 0.23500000000000001 0.3136666671875 0.23775 0.3156666671875 0.23675000000000002 0.31966666718750003 0.23199999999999998 0.3226666671875 0.225 0.32366666718750003 0.2125 0.31466666718749997 0.20125 0.312 0.20024999999999998 0.30333333281249997 0.1925 0.2886666671875 0.18575 0.279 0.18275 0.2686666671875 0.18125 0.2596666671875 0.18175 0.24900000000000003 0.188 0.24900000000000003 0.193 0.261 0.20775000000000002 0.263 0.21349999999999997 0.2626666671875 0.2245
0 0.36866666718749996 0.27275 0.37466666718749997 0.26975 0.3776666671875 0.26375000000000004 0.378 0.2555 0.3763333328125 0.24925000000000003 0.3673333328125 0.2375 0.3613333328125 0.23399999999999999 0.3416666671875 0.22974999999999998 0.3333333328125 0.2305 0.3206666671875 0.23374999999999999 0.3136666671875 0.2395 0.3183333328125 0.26575000000000004 0.3423333328125 0.26325 0.3583333328125 0.26725 0.36866666718749996 0.27275
0 0.37666666718749997 0.268 0.3806666671875 0.2685 0.392 0.26549999999999996 0.4063333328125 0.26625 0.42366666718749996 0.274 0.4273333328125 0.26549999999999996 0.426 0.25475 0.41966666718749995 0.24425 0.4106666671875 0.23575 0.4063333328125 0.23325 0.3896666671875 0.229 0.385 0.229 0.37333333281250003 0.23199999999999998 0.367 0.23625 0.377 0.2525 0.378 0.26275 0.37666666718749997 0.268
0 0.42766666718749996 0.2615 0.4273333328125 0.272 0.438 0.26875 0.4493333328125 0.26749999999999996 0.4623333328125 0.26925 0.4646666671875 0.26825 0.47066666718750005 0.259 0.4716666671875 0.2465 0.4683333328125 0.23925000000000002 0.46266666718750005 0.23349999999999999 0.45 0.22749999999999998 0.43499999999999994 0.22549999999999998 0.42366666718749996 0.22749999999999998 0.41333333281250006 0.23525000000000001 0.4126666671875 0.23650000000000002 0.4206666671875 0.24500000000000002 0.4256666671875 0.25425 0.42766666718749996 0.2615
0 0.43233333281249997 0.29874999999999996 0.42933333281249997 0.3065 0.4313333328125 0.31025 0.4443333328125 0.306 0.4556666671875 0.30425 0.47366666718749995 0.30775 0.4783333328125 0.3065 0.4823333328125 0.29900000000000004 0.4823333328125 0.29075 0.47800000000000004 0.28225 0.4703333328125 0.27425 0.4606666671875 0.26925 0.449 0.26749999999999996 0.43933333281250003 0.26875 0.42699999999999994 0.27375 0.4256666671875 0.275 0.4266666671875 0.27949999999999997 0.4326666671875 0.2905 0.43233333281249997 0.29874999999999996
0 0.38 0.30775 0.3923333328125 0.30525 0.40199999999999997 0.30525 0.42366666718749996 0.311 0.42766666718749996 0.3095 0.4313333328125 0.3015 0.43233333281249997 0.2905 0.42400000000000004 0.27475 0.40933333281250006 0.26749999999999996 0.3946666671875 0.266 0.384 0.26775000000000004 0.37266666718749997 0.27325 0.3713333328125 0.27525 0.377 0.28275 0.38 0.292 0.38 0.30775
0 0.404 0.353 0.41200000000000003 0.35225 0.4186666671875 0.35225 0.43233333281249997 0.355 0.437 0.35125 0.445 0.33799999999999997 0.4453333328125 0.33025000000000004 0.44400000000000006 0.3255 0.441 0.32225000000000004 0.42766666718749996 0.3135 0.40433333281249995 0.3065 0.396 0.306 0.3823333328125 0.309 0.37666666718749997 0.31225 0.3653333328125 0.3265 0.362 0.33525 0.3643333328125 0.34550000000000003 0.369 0.35125 0.386 0.35825 0.404 0.353
0 0.4443333328125 0.341 0.4413333328125 0.34325 0.438 0.34925 0.43899999999999995 0.353 0.44266666718750003 0.353 0.457 0.34825 0.46666666718750005 0.34825 0.476 0.35075 0.4813333328125 0.3505 0.484 0.34575 0.488 0.32575 0.4863333328125 0.3205 0.4783333328125 0.31 0.45899999999999996 0.30325 0.44699999999999995 0.303 0.4413333328125 0.3045 0.43166666718749996 0.31074999999999997 0.43099999999999994 0.3145 0.442 0.323 0.44566666718750003 0.32999999999999996 0.4443333328125 0.341
0 0.4493333328125 0.38575 0.446 0.39649999999999996 0.45133333281250004 0.4 0.4653333328125 0.40475000000000005 0.4863333328125 0.41 0.49400000000000005 0.41050000000000003 0.495 0.40774999999999995 0.49366666718749996 0.40599999999999997 0.502 0.39 0.5033333328125 0.37675000000000003 0.49800000000000005 0.366 0.49366666718749996 0.36124999999999996 0.481 0.35175 0.46666666718750005 0.348 0.4533333328125 0.34825 0.44566666718750003 0.35075 0.4363333328125 0.356 0.4363333328125 0.358 0.4436666671875 0.36575 0.44733333281250004 0.37425 0.4493333328125 0.38575
0 0.43433333281250003 0.3935 0.441 0.39625 0.4446666671875 0.39625 0.44699999999999995 0.39449999999999996 0.44966666718750004 0.381 0.4463333328125 0.369 0.43966666718749997 0.36025 0.42800000000000005 0.3545 0.4186666671875 0.35225 0.40366666718750005 0.35275 0.38733333281250004 0.35924999999999996 0.3756666671875 0.37 0.374 0.37324999999999997 0.37666666718749997 0.37575 0.4303333328125 0.38975 0.43433333281250003 0.3935
0 0.33366666718750004 0.36375 0.335 0.3625 0.3376666671875 0.35475 0.3376666671875 0.34900000000000003 0.3353333328125 0.34275 0.323 0.329 0.31 0.32125 0.29100000000000004 0.3165 0.2723333328125 0.31675 0.2593333328125 0.321 0.25033333281250003 0.329 0.2513333328125 0.3355 0.25466666718750003 0.34249999999999997 0.32966666718750004 0.364 0.33366666718750004 0.36375
0 0.7473333328125 0.60325 0.7543333328124999 0.606 0.7623333328124999 0.61125 0.7683333328125 0.619 0.7743333328124999 0.63225 0.7813333328125001 0.63025 0.791 0.62325 0.796 0.61225 0.7969999999999999 0.59525 0.788 0.57975 0.7793333328125 0.5742499999999999 0.7636666671875 0.56975 0.7546666671875 0.5695 0.742 0.5715 0.728 0.5845 0.7183333328125 0.58775 0.7173333328125 0.5915 0.717 0.5955 0.7203333328125 0.59825 0.7353333328125 0.60175 0.7473333328125 0.60325