1 0.236 0.46675000000000005 0.252 0.46900000000000003 0.2873333328125 0.46725000000000005 0.311 0.4605 0.38546833281250004 0.426239 0.45403733281249997 0.40492724999999996 0.511 0.38075000000000003 0.5453333328125 0.36524999999999996 0.5756666671875 0.34950000000000003 0.6083333328125 0.32975 0.623 0.31675 0.6373333328124999 0.29975 0.6433333328125 0.29100000000000004 0.6436666671875 0.28300000000000003 0.6372690000000001 0.27272375000000004 0.6148846671875 0.2710105 0.5874753328125 0.276835 0.5294586671875 0.30081825 0.520322 0.29328075 0.5660043328125 0.272381 0.608489 0.23983249999999998 0.6185393328125001 0.22681300000000001 0.6073333328125 0.21575000000000003 0.5963333328125 0.21425 0.5550406671875 0.21482125000000002 0.5107286671875 0.2271555 0.5029626671874999 0.21859 0.47144199999999997 0.20831149999999998 0.43166666718749996 0.20875 0.409 0.21225 0.3863333328125 0.21675 0.32966666718750004 0.23199999999999998 0.253 0.25925 0.205 0.28075 0.1883333328125 0.2905 0.17366666718749998 0.30274999999999996 0.1296666671875 0.35325 0.1253333328125 0.361 0.1233333328125 0.3685 0.123 0.3845 0.1276666671875 0.39075000000000004 0.183465 0.41464749999999995 0.236 0.46675000000000005
2 0.6853333328125 0.537 0.701 0.54625 0.7133333328125 0.5509999999999999 0.7326666671875001 0.5545 0.7463333328124999 0.5545 0.8029999999999999 0.5455 0.8183333328125 0.5387500000000001 0.8436666671875 0.51675 0.8472176671874999 0.50060175 0.8365980000000001 0.489097 0.8546906671875 0.47582250000000004 0.8573333328125001 0.46799999999999997 0.857 0.45675 0.8533333328125 0.44925 0.836 0.43174999999999997 0.8246666671874999 0.42374999999999996 0.8099999999999999 0.4175 0.7913656671875 0.414464 0.7744530000000001 0.416824 0.756 0.4025 0.7423333328124999 0.40025000000000005 0.7303333328125 0.40025000000000005 0.704 0.404 0.6900000000000001 0.40824999999999995 0.6773333328125 0.41550000000000004 0.653 0.4345 0.6463333328124999 0.4425 0.6423333328124999 0.4585 0.6433333328125 0.47375 0.663 0.5135 0.671 0.52575 0.6853333328125 0.537
8 0.702 0.67775 0.7286666671875001 0.68025 0.7563333328125 0.675 0.779 0.6665 0.8220000000000001 0.64025 0.8557196671874999 0.6046335 0.882 0.576 0.891 0.5575 0.894565 0.5404545 0.8855573328125 0.52778775 0.908 0.502 0.9066666671875 0.49800000000000005 0.8996666671875 0.49675 0.8664163328125 0.5130095 0.8455863328125 0.5096317499999999 0.8461489999999999 0.51807625 0.8033633328124999 0.546788 0.7549473328125 0.553966 0.703154 0.56029925 0.6679999999999999 0.6035 0.6573333328125 0.635 0.655 0.6425 0.6676666671875 0.66025 0.6763333328125001 0.6665 0.702 0.67775
10 0.8653333328124999 0.69675 0.8846666671875001 0.70125 0.9116666671875 0.70225 0.9266666671875001 0.7005 0.9343333328125001 0.69825 0.95 0.68925 0.959 0.68225 0.967 0.6665 0.967 0.6537499999999999 0.9646666671874999 0.6457499999999999 0.9586666671874999 0.6345 0.9483333328124999 0.623 0.9383333328125 0.615 0.9203333328125 0.605 0.9033333328125 0.601 0.885 0.599 0.8686666671875001 0.599 0.8573333328125001 0.602 0.8263333328125 0.63175 0.8196666671875 0.642 0.8213333328125 0.662 0.826 0.66975 0.8413333328125001 0.688 0.8653333328124999 0.69675
10 0.7726666671875 0.77925 0.783 0.788 0.7886666671875 0.791 0.798 0.7955 0.8203333328125 0.80325 0.842 0.8055 0.859 0.8035 0.8696666671875001 0.8005000000000001 0.8856666671875001 0.78725 0.8963333328124999 0.77175 0.9013333328125 0.7525000000000001 0.8993333328125 0.74 0.8859999999999999 0.7205 0.8713333328124999 0.70925 0.868 0.7030000000000001 0.8533333328125 0.68525 0.8453333328125 0.6872499999999999 0.8423333328125 0.69025 0.8310000000000001 0.6940000000000001 0.8150000000000001 0.69225 0.8016666671875001 0.69325 0.7863333328125 0.6965 0.7753333328124999 0.701 0.7586666671875 0.7122499999999999 0.752 0.7205 0.7493333328125 0.72825 0.7483333328125 0.745 0.7503333328124999 0.751 0.7593333328125 0.764 0.7726666671875 0.77925
2 0.1403333328125 0.604 0.142 0.6075 0.135 0.6252500000000001 0.1356666671875 0.63775 0.1403333328125 0.64725 0.1453333328125 0.654 0.157 0.66325 0.17333333281250002 0.67075 0.1933333328125 0.6759999999999999 0.20633333281250002 0.678 0.22400000000000003 0.6775 0.24 0.674 0.25666666718750003 0.66425 0.2676666671875 0.662 0.2803333328125 0.662 0.29500000000000004 0.66025 0.3096666671875 0.65625 0.324 0.6487499999999999 0.3343333328125 0.6405000000000001 0.3413333328125 0.632 0.3456666671875 0.62375 0.34900000000000003 0.6115 0.34900000000000003 0.5945 0.3436666671875 0.57925 0.3353333328125 0.56825 0.318 0.5535 0.2833333328125 0.533 0.265 0.5235000000000001 0.252 0.5197499999999999 0.2343333328125 0.517 0.205 0.51825 0.182 0.52525 0.16999999999999998 0.53025 0.1533333328125 0.5405 0.1436666671875 0.54875 0.13233333281249998 0.56425 0.1276666671875 0.57575 0.1273333328125 0.58525 0.12933333281249998 0.59175 0.13433333281249998 0.59975 0.1403333328125 0.604
0 0.3086666671875 0.77125 0.3223333328125 0.78025 0.3373333328125 0.78575 0.352 0.78725 0.378 0.78575 0.40833333281249995 0.78125 0.41966666718749995 0.7777499999999999 0.4286666671875 0.7725 0.45 0.7555 0.45899999999999996 0.74375 0.46299999999999997 0.7344999999999999 0.4646666671875 0.7255 0.4643333328125 0.706 0.45866666718750004 0.6865 0.4523333328125 0.6757500000000001 0.44299999999999995 0.66875 0.43099999999999994 0.6677500000000001 0.4073333328125 0.66125 0.3923333328125 0.6525000000000001 0.3883333328125 0.645 0.37966666718750003 0.63725 0.36866666718749996 0.63825 0.33799999999999997 0.64725 0.3136666671875 0.6599999999999999 0.306 0.6655 0.2943333328125 0.67675 0.28700000000000003 0.6865 0.28300000000000003 0.7035 0.28300000000000003 0.72875 0.29 0.74925 0.30133333281249997 0.765 0.3086666671875 0.77125
6 0.43200000000000005 0.9088352499999999 0.4843333328125 0.93008525 0.5296666671875 0.94608525 0.5783333328125 0.96058525 0.6273333328125 0.9705852500000001 0.6486666671875 0.9715852500000001 0.6606666671875 0.97008525 0.6793333328125 0.95958525 0.6883333328125001 0.94383525 0.687 0.92258525 0.6776666671875 0.90458525 0.654 0.88608525 0.615761 0.87554175 0.564628 0.854092 0.5507613328125001 0.856367 0.5169616671874999 0.8472670000000001 0.5139283328124999 0.837842 0.3813296671875 0.7881175 0.332797 0.7848675 0.3059303328125 0.77024275 0.2866666671875 0.75133525 0.25233333281250003 0.74708525 0.24066666718750002 0.74783525 0.225 0.75658525 0.21633333281249997 0.7738352500000001 0.2166666671875 0.77858525 0.259 0.8165852499999999 0.311 0.8463352499999999 0.43200000000000005 0.9088352499999999
12 0.619 0.87675 0.6416666671875 0.88175 0.6546666671875 0.8825 0.6799999999999999 0.8727499999999999 0.6893333328125 0.867 0.6933333328125 0.8630000000000001 0.701 0.851 0.7036666671875 0.842 0.705 0.8345 0.7036666671875 0.82225 0.6983333328125 0.81225 0.6863333328125 0.7969999999999999 0.6766666671875 0.78975 0.6653333328125 0.78525 0.6576666671875 0.784 0.5953333328125 0.83375 0.5906666671874999 0.83775 0.5876666671875 0.84275 0.587 0.8470000000000001 0.595 0.859 0.6116666671875 0.87325 0.619 0.87675
3 0.5173333328124999 0.843 0.5253333328124999 0.8480000000000001 0.544 0.8535 0.557 0.8542500000000001 0.5763333328125 0.8515 0.6573536671875 0.7839225 0.6961886671874999 0.79670975 0.7246666671875001 0.798 0.7363333328125 0.78975 0.7482843328125 0.77078025 0.74639 0.7551515 0.733603 0.7427195 0.7066076671875 0.7370365 0.7160796671874999 0.7150142500000001 0.702 0.6855 0.6853333328125 0.67275 0.6587743328125 0.6635105 0.6431456671875 0.67203525 0.634621 0.65143375 0.615 0.65 0.4853333328125 0.686 0.47933333281249996 0.68975 0.47400000000000003 0.697 0.46799999999999997 0.7212500000000001 0.47000000000000003 0.7765 0.47400000000000003 0.7915 0.4863333328125 0.8092499999999999 0.5173333328124999 0.843
5 0.4146666671875 0.662 0.5133333328125 0.679 0.537 0.675 0.603 0.6525000000000001 0.6243333328125 0.6425 0.6546666671875 0.6235 0.674 0.5915 0.6753333328125 0.57575 0.6656666671875 0.5235000000000001 0.619 0.45875000000000005 0.6146666671875 0.4545 0.523 0.40800000000000003 0.505 0.40025000000000005 0.48966666718749996 0.40025000000000005 0.40366666718750005 0.422 0.374 0.45525000000000004 0.3593333328125 0.47874999999999995 0.3433333328125 0.51725 0.3413333328125 0.52525 0.3403333328125 0.56125 0.3533333328125 0.60725 0.395 0.6519999999999999 0.4146666671875 0.662