7 0.212890625 0.2573913046875 0.248046875 0.2556521734375 0.26171875 0.24 0.2802734375 0.2 0.2802734375 0.1582608703125 0.275390625 0.139130434375 0.2626953125 0.10956521718750001 0.248046875 0.09391304375000001 0.232421875 0.086956521875 0.208984375 0.0921739125 0.193359375 0.1078260875 0.1806640625 0.1373913046875 0.177734375 0.180869565625 0.181640625 0.20695652187500002 0.1982421875 0.245217390625 0.212890625 0.2573913046875
7 0.3583984375 0.2643478265625 0.3857421875 0.2295652171875 0.39453125 0.20695652187500002 0.396484375 0.15304347812500002 0.388671875 0.1217391296875 0.375 0.0973913046875 0.3583984375 0.0834782609375 0.3408203125 0.08 0.31640625 0.09391304375000001 0.3046875 0.10956521718750001 0.2919921875 0.1495652171875 0.291015625 0.1913043484375 0.2978515625 0.2226086953125 0.3251953125 0.26260869531250003 0.3583984375 0.2643478265625
7 0.4423828125 0.2678260875 0.46484375 0.2713043484375 0.4736328125 0.2643478265625 0.4990234375 0.2295652171875 0.5068359375 0.20173912968750002 0.5078125 0.166956521875 0.5 0.1286956515625 0.4853515625 0.100869565625 0.4658203125 0.086956521875 0.4453125 0.086956521875 0.4228515625 0.10260869531250001 0.41015625 0.12521739062499998 0.404296875 0.15304347812500002 0.404296875 0.1982608703125 0.41015625 0.2278260875 0.431640625 0.260869565625 0.4423828125 0.2678260875
7 0.5478515625 0.2678260875 0.5791015625 0.2695652171875 0.599609375 0.245217390625 0.6123046875 0.2156521734375 0.61328125 0.1513043484375 0.599609375 0.1165217390625 0.58203125 0.0973913046875 0.5595703125 0.09391304375000001 0.5419921875 0.10260869531250001 0.529296875 0.11826087031250002 0.5185546875 0.14608695625 0.515625 0.180869565625 0.51953125 0.21913043437500002 0.533203125 0.2521739125 0.5478515625 0.2678260875
7 0.6572265625 0.2678260875 0.69140625 0.26608695625 0.7177734375 0.2313043484375 0.7255859375 0.20695652187500002 0.724609375 0.139130434375 0.7080078125 0.10260869531250001 0.693359375 0.0904347828125 0.669921875 0.086956521875 0.65234375 0.0956521734375 0.630859375 0.126956521875 0.6240234375 0.1495652171875 0.623046875 0.19652173906249998 0.62890625 0.22086956562500001 0.6416015625 0.2504347828125 0.6572265625 0.2678260875
7 0.794921875 0.274782609375 0.8115234375 0.2643478265625 0.82421875 0.2486956515625 0.8408203125 0.20521739062500002 0.8408203125 0.1565217390625 0.833984375 0.126956521875 0.818359375 0.0973913046875 0.806640625 0.086956521875 0.779296875 0.0834782609375 0.7626953125 0.09391304375000001 0.7490234375 0.10956521718750001 0.734375 0.1426086953125 0.7333984375 0.2 0.73828125 0.2226086953125 0.7666015625 0.2695652171875 0.794921875 0.274782609375
7 0.2236328125 0.46782608750000004 0.2412109375 0.46782608750000004 0.2646484375 0.4521739125 0.28515625 0.4 0.283203125 0.33391304375 0.2626953125 0.29739130468749997 0.2431640625 0.2782608703125 0.2197265625 0.2782608703125 0.205078125 0.2904347828125 0.1884765625 0.31652173906250003 0.1796875 0.3495652171875 0.1796875 0.394782609375 0.189453125 0.4295652171875 0.19921875 0.44695652187499996 0.2236328125 0.46782608750000004
7 0.33203125 0.4643478265625 0.3525390625 0.46608695625 0.369140625 0.4556521734375 0.3837890625 0.433043478125 0.39453125 0.40173912968750003 0.3955078125 0.353043478125 0.388671875 0.325217390625 0.365234375 0.29391304375 0.3486328125 0.2834782609375 0.330078125 0.285217390625 0.31640625 0.2956521734375 0.3017578125 0.32173912968749996 0.2939453125 0.3565217390625 0.2939453125 0.39304347812499996 0.3017578125 0.42608695625 0.3154296875 0.4504347828125 0.33203125 0.4643478265625
7 0.443359375 0.46782608750000004 0.46875 0.46608695625 0.490234375 0.4434782609375 0.5029296875 0.4121739125 0.50390625 0.3443478265625 0.48828125 0.30782608749999996 0.4677734375 0.286956521875 0.4501953125 0.2834782609375 0.4306640625 0.2921739125 0.4052734375 0.3373913046875 0.40234375 0.4 0.412109375 0.4313043484375 0.4306640625 0.459130434375 0.443359375 0.46782608750000004
7 0.5693359375 0.4713043484375 0.5888671875 0.46260869531250004 0.6044921875 0.44173912968750007 0.6142578125 0.41391304375000004 0.6171875 0.3617391296875 0.61328125 0.3356521734375 0.5986328125 0.30782608749999996 0.5771484375 0.286956521875 0.5595703125 0.285217390625 0.5390625 0.29739130468749997 0.5224609375 0.325217390625 0.515625 0.3495652171875 0.515625 0.40695652187500003 0.5302734375 0.44695652187499996 0.5478515625 0.46608695625 0.5693359375 0.4713043484375
7 0.6923828125 0.46782608750000004 0.7099609375 0.44869565156249996 0.7236328125 0.41739130468749996 0.7275390625 0.3878260875 0.724609375 0.3426086953125 0.7109375 0.30956521718749996 0.689453125 0.286956521875 0.658203125 0.286956521875 0.6416015625 0.3026086953125 0.6240234375 0.3443478265625 0.623046875 0.4104347828125 0.638671875 0.44869565156249996 0.6533203125 0.46608695625 0.6923828125 0.46782608750000004
7 0.798828125 0.46782608750000004 0.8173828125 0.4504347828125 0.8369140625 0.4104347828125 0.83984375 0.3843478265625 0.8369140625 0.340869565625 0.8271484375 0.313043478125 0.806640625 0.286956521875 0.7802734375 0.2817391296875 0.7548828125 0.29739130468749997 0.7353515625 0.339130434375 0.7353515625 0.4121739125 0.744140625 0.43826087031250005 0.765625 0.46608695625 0.798828125 0.46782608750000004
7 0.228515625 0.6921739125 0.2490234375 0.6904347828125 0.263671875 0.6782608703124999 0.2763671875 0.659130434375 0.2861328125 0.62608695625 0.2841796875 0.5721739125 0.2666015625 0.5356521734374999 0.2470703125 0.52 0.2158203125 0.5286956515625 0.19921875 0.554782609375 0.19140625 0.5843478265625001 0.19140625 0.6313043484375 0.1962890625 0.6486956515625 0.2099609375 0.674782609375 0.228515625 0.6921739125
7 0.322265625 0.6956521734375001 0.345703125 0.70608695625 0.3583984375 0.7026086953124999 0.3740234375 0.6886956515625 0.388671875 0.6626086953125 0.396484375 0.62608695625 0.3955078125 0.5947826093749999 0.388671875 0.566956521875 0.3720703125 0.539130434375 0.349609375 0.5286956515625 0.326171875 0.5356521734374999 0.3017578125 0.5756521734375 0.296875 0.6 0.2978515625 0.6417391296875 0.3037109375 0.6643478265625 0.322265625 0.6956521734375001
7 0.4453125 0.7026086953124999 0.4658203125 0.7026086953124999 0.4833984375 0.6886956515625 0.4990234375 0.660869565625 0.5048828125 0.634782609375 0.5048828125 0.6 0.498046875 0.5704347828125 0.4833984375 0.5443478265625 0.466796875 0.5321739125 0.4453125 0.5321739125 0.427734375 0.54608695625 0.4140625 0.57391304375 0.4091796875 0.6 0.408203125 0.6295652171875 0.416015625 0.6643478265625 0.4267578125 0.685217390625 0.4453125 0.7026086953124999
7 0.55859375 0.7008695656249999 0.576171875 0.7008695656249999 0.6005859375 0.6799999999999999 0.609375 0.6643478265625 0.619140625 0.620869565625 0.611328125 0.5634782609375 0.5908203125 0.5321739125 0.576171875 0.5252173906250001 0.556640625 0.5269565218750001 0.5419921875 0.5373913046875 0.51953125 0.5913043484375 0.5185546875 0.62608695625 0.5234375 0.6521739125 0.537109375 0.6817391296875 0.55859375 0.7008695656249999
7 0.6650390625 0.7078260875 0.6875 0.7078260875 0.7060546875 0.6921739125 0.71875 0.6713043484375001 0.7265625 0.6417391296875 0.7265625 0.6 0.7216796875 0.579130434375 0.7041015625 0.54608695625 0.6865234375 0.5339130437499999 0.6630859375 0.5356521734374999 0.6484375 0.5478260875000001 0.634765625 0.57391304375 0.62890625 0.6 0.6279296875 0.634782609375 0.634765625 0.66608695625 0.6435546875 0.685217390625 0.6650390625 0.7078260875
7 0.7763671875 0.7008695656249999 0.810546875 0.6973913046875 0.82421875 0.6834782609375 0.8408203125 0.6504347828125 0.8427734375 0.5878260875 0.83203125 0.5617391296875 0.806640625 0.5356521734374999 0.7841796875 0.5339130437499999 0.7666015625 0.5443478265625 0.75390625 0.5634782609375 0.7421875 0.5982608703125 0.7412109375 0.634782609375 0.7451171875 0.65391304375 0.7587890625 0.6834782609375 0.7763671875 0.7008695656249999
7 0.2421875 0.8973913046875 0.263671875 0.8800000000000001 0.275390625 0.859130434375 0.2841796875 0.820869565625 0.2841796875 0.7913043484375 0.27734375 0.76 0.2646484375 0.7373913046875 0.244140625 0.72 0.224609375 0.72 0.205078125 0.7356521734375 0.1923828125 0.7582608703125 0.18359375 0.793043478125 0.18359375 0.833043478125 0.19140625 0.8643478265625 0.2216796875 0.8973913046875 0.2421875 0.8973913046875
7 0.330078125 0.8817391296875 0.3515625 0.8834782609375 0.3681640625 0.874782609375 0.3857421875 0.846956521875 0.3935546875 0.8173913046875001 0.3896484375 0.76 0.3603515625 0.713043478125 0.3349609375 0.7113043484375 0.3212890625 0.72 0.3056640625 0.7426086953125 0.296875 0.77391304375 0.2958984375 0.8086956515624999 0.3017578125 0.8417391296875 0.3125 0.8643478265625 0.330078125 0.8817391296875
7 0.4404296875 0.8921739125 0.455078125 0.8939130437499999 0.474609375 0.8834782609375 0.4912109375 0.8573913046875001 0.4990234375 0.8313043484374999 0.5 0.7913043484375 0.494140625 0.7634782609374999 0.474609375 0.7321739125 0.4599609375 0.7217391296875 0.439453125 0.7217391296875 0.4228515625 0.73391304375 0.40625 0.7634782609374999 0.400390625 0.7895652171875 0.400390625 0.833043478125 0.41015625 0.8626086953125001 0.4228515625 0.8817391296875 0.4404296875 0.8921739125
7 0.5498046875 0.8834782609375 0.58203125 0.8817391296875 0.59375 0.8695652171875 0.609375 0.8347826093749999 0.609375 0.7791304343750001 0.5986328125 0.7478260875 0.5810546875 0.726956521875 0.5478515625 0.726956521875 0.529296875 0.7513043484375 0.51953125 0.780869565625 0.5185546875 0.820869565625 0.5244140625 0.846956521875 0.5361328125 0.8713043484374999 0.5498046875 0.8834782609375
7 0.685546875 0.900869565625 0.7021484375 0.8904347828124999 0.71875 0.8643478265625 0.7255859375 0.8382608703125 0.7255859375 0.7895652171875 0.7197265625 0.7686956515625 0.703125 0.740869565625 0.685546875 0.726956521875 0.6650390625 0.7286956515624999 0.6474609375 0.7426086953125 0.62890625 0.7895652171875 0.6298828125 0.845217390625 0.646484375 0.8817391296875 0.6650390625 0.8991304343750001 0.685546875 0.900869565625
7 0.775390625 0.9095652171875 0.80078125 0.9095652171875 0.8173828125 0.8956521734375 0.833984375 0.8678260874999999 0.841796875 0.8365217390625 0.8388671875 0.7913043484375 0.83203125 0.7686956515625 0.8173828125 0.7426086953125 0.796875 0.726956521875 0.7763671875 0.726956521875 0.759765625 0.7373913046875 0.73828125 0.7756521734375 0.734375 0.7965217390625 0.7333984375 0.833043478125 0.7412109375 0.86608695625 0.751953125 0.8886956515625 0.775390625 0.9095652171875