1 0.10300000000000001 0.603202846875 0.127 0.6334519578125 0.141 0.6298932390624999 0.213 0.514234875 0.20099999999999998 0.4537366546875 0.153 0.407473309375 0.122 0.400355871875 0.098 0.403914590625 0.088 0.411032028125 0.08399999999999999 0.4270462640625 0.08299999999999999 0.51067615625 0.087 0.5569395015625 0.1 0.581850534375 0.10300000000000001 0.603202846875
1 0.16499999999999998 0.7384341640625001 0.264167 0.5516014234375 0.23500000000000001 0.496738434375 0.219 0.5071174375 0.16899999999999998 0.581850534375 0.127 0.6583629890625 0.126 0.6725978640625 0.13999999999999999 0.708185053125 0.159 0.7384341640625001 0.16499999999999998 0.7384341640625001
1 0.24300000000000002 0.7473309609375 0.29300000000000004 0.6281138796875 0.311 0.578291815625 0.312 0.5622775796874999 0.29 0.5284697515625 0.281 0.52491103125 0.274 0.5320284703125 0.20800000000000002 0.6494661921875 0.19 0.6957295375 0.185 0.71352313125 0.22000000000000003 0.777580071875 0.227 0.7758007124999999 0.24300000000000002 0.7473309609375
1 0.286 0.7882562281250001 0.331 0.715302490625 0.363 0.6120996437499999 0.369 0.578291815625 0.33599999999999997 0.5302491109374999 0.329 0.5320284703125 0.25 0.7313167265625 0.24500000000000002 0.7473309609375 0.24700000000000003 0.7544483984375 0.27 0.781138790625 0.286 0.7882562281250001
1 0.366 0.7740213515625001 0.382 0.7473309609375 0.41600000000000004 0.6619217078124999 0.43099999999999994 0.606761565625 0.433 0.578291815625 0.392 0.5338078296875 0.385 0.5373665484375 0.371 0.5658362984374999 0.361 0.6281138796875 0.329 0.72064056875 0.313 0.7473309609375 0.314 0.7580071171875 0.341 0.7900355875 0.35 0.7900355875 0.366 0.7740213515625001
1 0 0.39679715312499997 0.08 0.411032028125 0.122 0.39501779375 0.176 0.41459074687499997 0.186 0.4128113875 0.20099999999999998 0.40569395 0.21600000000000003 0.3718861203125 0.22000000000000003 0.3505338078125 0.253 0.3042704625 0.266 0.29359430625 0.28300000000000003 0.3042704625 0.302 0.3042704625 0.319 0.28825622812499996 0.319 0.2597864765625 0.311 0.23309608593750003 0.28900000000000003 0.21174377187500001 0.23399999999999999 0.17615658437499998 0.19 0.1601423484375 0.127 0.15302491093749998 0.006 0.11743772187499998 0 0.11743772187499998 0 0.39679715312499997
1 0 0 0 0.10854092500000001 0.11100000000000002 0.14412811406249998 0.21200000000000002 0.1601423484375 0.292 0.20996441250000003 0.311 0.21174377187500001 0.367 0.190391459375 0.403 0.16192170781249998 0.45999999999999996 0.096085409375 0.462 0.056939501562499995 0.449 0.014234875 0.425 0 0 0
1 0.24100000000000002 0.5071174375 0.259 0.5444839859374999 0.279 0.5266903921874999 0.29700000000000004 0.5338078296875 0.311 0.5480427046874999 0.329 0.5160142343749999 0.341 0.4608540921875 0.34700000000000003 0.389679715625 0.341 0.3665480421875 0.323 0.3434163703125 0.31 0.31494661874999996 0.27599999999999997 0.3113879 0.25 0.3434163703125 0.2225 0.391428825 0.21200000000000002 0.4377224203125 0.21200000000000002 0.4786476875 0.217 0.5071174375 0.231 0.49644128125 0.24100000000000002 0.5071174375
1 0.371 0.411032028125 0.41200000000000003 0.4323843421875 0.426 0.4501779359375 0.43499999999999994 0.4466192171875 0.445 0.4128113875 0.458 0.40213523125000006 0.47400000000000003 0.40213523125000006 0.476 0.3665480421875 0.48200000000000004 0.3398576515625 0.45899999999999996 0.29715302499999996 0.43 0.26690391406249997 0.373 0.2526690390625 0.343 0.277580071875 0.33399999999999996 0.30604982187499996 0.329 0.3362989328125 0.34199999999999997 0.35587188593749997 0.351 0.391459075 0.371 0.411032028125
1 0.454 0.5551601421875 0.47800000000000004 0.5747330953125 0.497 0.5622775796874999 0.502 0.5462633453125 0.501 0.5320284703125 0.465 0.48754448437500003 0.418 0.44839857656250004 0.41200000000000003 0.4359430609375 0.377 0.41459074687499997 0.371 0.41992882500000006 0.361 0.48220640625 0.374 0.501779359375 0.43899999999999995 0.5533807828125 0.454 0.5551601421875
1 0.41200000000000003 0.8042704625000001 0.43735999999999997 0.7671370109375 0.481 0.6441281140624999 0.48600000000000004 0.585409253125 0.45099999999999996 0.5551601421875 0.441 0.5587188609375 0.434 0.5711743765625 0.434 0.58362989375 0.419563 0.6547188609375 0.394647 0.7180533812500001 0.38 0.7508896796875 0.369 0.7669039140625 0.367 0.7740213515625001 0.371 0.77935943125 0.404 0.8042704625000001 0.41200000000000003 0.8042704625000001
1 0.43099999999999994 0.781138790625 0.47800000000000004 0.813167259375 0.489 0.8113879 0.51 0.777580071875 0.5309999999999999 0.722419928125 0.548 0.6476868328125 0.545 0.60498220625 0.536 0.59074733125 0.499 0.5693950171875 0.48600000000000004 0.5747330953125 0.487 0.6120996437499999 0.481 0.6459074734375 0.45960599999999996 0.71013523125 0.43099999999999994 0.781138790625
1 0.533 0.72064056875 0.502 0.7935943062499999 0.533 0.8167259781249999 0.5519999999999999 0.809608540625 0.587 0.7544483984375 0.605 0.7064056937500001 0.615 0.6352313171875 0.613 0.6156583625 0.603 0.596085409375 0.5820000000000001 0.578291815625 0.557 0.5640569390625 0.542 0.5871886125 0.549 0.603202846875 0.55 0.6245551593750001 0.545 0.6761565843749999 0.533 0.72064056875
1 0.591 0.7491103203125 0.5730000000000001 0.78291815 0.595 0.8024911031249999 0.615 0.809608540625 0.641 0.791814946875 0.67 0.7491103203125 0.6849999999999999 0.704626334375 0.6900000000000001 0.6423487546875 0.6769999999999999 0.606761565625 0.639 0.5658362984374999 0.622 0.5640569390625 0.5980000000000001 0.5871886125 0.612 0.6120996437499999 0.616 0.6352313171875 0.613 0.6725978640625 0.591 0.7491103203125
1 0.6599999999999999 0.7704626328125 0.692 0.80071174375 0.72 0.798932384375 0.744 0.7704626328125 0.768 0.7259786484374999 0.774 0.69217081875 0.767 0.6459074734375 0.744 0.5943060499999999 0.734 0.5800711749999999 0.712 0.5658362984374999 0.687 0.5676156578125 0.667 0.5871886125 0.6900000000000001 0.6316725984375 0.692 0.6654804265625 0.6759999999999999 0.7348754453125 0.6599999999999999 0.7704626328125
1 0.774 0.683274021875 0.775 0.71352313125 0.799 0.704626334375 0.826 0.6637010671875 0.833 0.6352313171875 0.827 0.5569395015625 0.8039999999999999 0.514234875 0.784 0.5 0.747 0.501779359375 0.718 0.5444839859374999 0.713 0.5658362984374999 0.735 0.5800711749999999 0.763 0.6281138796875 0.774 0.683274021875
1 0.828 0.5676156578125 0.8300000000000001 0.6245551593750001 0.8390000000000001 0.6245551593750001 0.85 0.60498220625 0.864931 0.5723843421875 0.870715 0.5351743765625 0.857 0.48398576562500006 0.841 0.4644128109375 0.8210000000000001 0.45551601406250003 0.794 0.4626334515625 0.78 0.4786476875 0.7769999999999999 0.49644128125 0.799 0.51067615625 0.819 0.5391459078125 0.828 0.5676156578125
1 0.6 0.58362989375 0.626 0.5604982203125 0.637 0.5622775796874999 0.65 0.5765124562499999 0.658 0.5747330953125 0.6559999999999999 0.5284697515625 0.63 0.43416370156250006 0.605 0.38790035624999997 0.595 0.3772242 0.579 0.3772242 0.560959 0.38679359375 0.5558080000000001 0.408791815625 0.564 0.47330960781250003 0.58 0.5462633453125 0.595 0.581850534375 0.6 0.58362989375
1 0.548 0.494661921875 0.567 0.505338078125 0.554 0.41637010625000004 0.554 0.40569395 0.5650000000000001 0.386120996875 0.5650000000000001 0.3772242 0.553 0.3398576515625 0.532 0.30782918125 0.497 0.320284696875 0.49400000000000005 0.3256227765625 0.49800000000000005 0.36476868281249997 0.515 0.4466192171875 0.548 0.494661921875
1 0.634 0.3487544484375 0.642 0.3505338078125 0.678 0.32384341562499996 0.716 0.27935943124999996 0.73 0.2526690390625 0.732 0.20996441250000003 0.713 0.1814946625 0.6990000000000001 0.179715303125 0.65 0.21708185000000002 0.62 0.2544483984375 0.6134999999999999 0.27405515937499997 0.61 0.295373665625 0.611 0.30782918125 0.634 0.3487544484375
1 0.663 0.5266903921874999 0.6759999999999999 0.514234875 0.6980000000000001 0.4715302484375 0.7070000000000001 0.4128113875 0.6980000000000001 0.375444840625 0.682 0.3523131671875 0.6599999999999999 0.34697508906249996 0.642 0.3594306046875 0.644 0.386120996875 0.634 0.4448398578125 0.657 0.5266903921874999 0.663 0.5266903921874999
1 0.6809999999999999 0.5427046265625 0.697 0.5427046265625 0.731 0.51779359375 0.757 0.47508896875 0.768 0.4359430609375 0.76 0.38078291875 0.747 0.36476868281249997 0.7230000000000001 0.35587188593749997 0.7 0.3683274015625 0.708 0.4270462640625 0.6990000000000001 0.46975088906250007 0.669 0.52491103125 0.6809999999999999 0.5427046265625
1 0.544 0.316725978125 0.5660000000000001 0.30604982187499996 0.589 0.32918149531249996 0.611 0.320284696875 0.608 0.29715302499999996 0.612899 0.26867081875 0.619 0.2473309609375 0.604 0.20818505312500002 0.588 0.1814946625 0.567 0.16192170781249998 0.5549999999999999 0.1583629890625 0.534 0.1601423484375 0.514 0.1814946625 0.512 0.197508896875 0.521 0.2508896796875 0.5281049999999999 0.2766121 0.544 0.316725978125