4 0.3578125 0.2236111109375 0.3546875 0.2138888890625 0.3453125 0.215277778125 0.31015625 0.24444444375000002 0.28713359375 0.3862291671875 0.28671875 0.44305555625000004 0.32578125 0.45416666718750004 0.3505140625 0.27941805625 0.3578125 0.2236111109375
4 0.35703125 0.5083333328124999 0.3703125 0.5097222218749999 0.3796875 0.49305555625 0.38512265625 0.47524027812499997 0.375115625 0.44408611093749994 0.37928515625000003 0.426284721875 0.38887578125 0.4270263890625 0.38970937499999997 0.3758458328125 0.3784515625 0.3179888890625 0.3930453125 0.2831263890625 0.39609375 0.2125 0.39609375 0.19583333281249998 0.3921875 0.184722221875 0.365625 0.20416666718749998 0.359375 0.2166666671875 0.34140625 0.38333333281250004 0.3390625 0.41944444374999995 0.34140625 0.4625 0.35234375 0.4763888890625 0.35703125 0.5083333328124999
2 0.4234375 0.54444444375 0.42734375 0.5583333328125 0.4390625 0.5736111109375 0.4546875 0.575 0.47421875 0.5638888890625 0.50390625 0.515277778125 0.5203125 0.46527777812500004 0.52109375 0.440277778125 0.5140625 0.3791666671875 0.50625 0.35555555625 0.48828125 0.33888888906250003 0.46953125 0.33888888906250003 0.4234375 0.3611111109375 0.4 0.38333333281250004 0.38828125 0.40694444374999994 0.3765625 0.44166666718750003 0.38828125 0.4888888890625 0.40859375 0.534722221875 0.4234375 0.54444444375
8 0.434375 0.3513888890625 0.4578125 0.3138888890625 0.48203125 0.2513888890625 0.4921875 0.19305555624999998 0.49453125 0.15 0.4921875 0.13055555624999998 0.4828125 0.10833333281249999 0.47421875 0.102777778125 0.46640625 0.10694444375 0.46484375 0.1208333328125 0.45859375 0.1291666671875 0.4203125 0.15972222187500001 0.4078125 0.17916666718750002 0.39375 0.2666666671875 0.3796875 0.309722221875 0.37890625 0.34305555625 0.39296875 0.375 0.4046875 0.3736111109375 0.434375 0.3513888890625
2 0.4984375 0.31805555625 0.515625 0.34027777812500004 0.54609375 0.3541666671875 0.56640625 0.35 0.59140625 0.33055555625 0.60078125 0.31805555625 0.615625 0.2708333328125 0.6328125 0.2638888890625 0.63984375 0.252777778125 0.63828125 0.23333333281250002 0.6125 0.20833333281250002 0.6078125 0.1833333328125 0.59765625 0.1583333328125 0.58125 0.140277778125 0.54375 0.14305555625 0.51171875 0.16388888906250001 0.49140625 0.20416666718749998 0.48671875 0.22777777812500002 0.4859375 0.240277778125 0.49453125 0.275 0.49296875 0.2986111109375 0.4984375 0.31805555625
0 0.5183859375 0.16388888906250001 0.5441671875 0.14305555625 0.5738546875 0.13888888906250002 0.5816671875 0.13888888906250002 0.5996359375 0.1541666671875 0.6035421875 0.1111111109375 0.5957296875 0.077777778125 0.5840109375 0.059722221875 0.5636984375 0.0416666671875 0.5504171875 0.0361111109375 0.5324484375 0.040277778125000004 0.50271015625 0.0814236109375 0.49895781250000004 0.109609721875 0.5019796875 0.15 0.5082296875 0.16388888906250001 0.5183859375 0.16388888906250001
6 0.3171875 0.2375 0.40390625 0.175 0.465625 0.12222222187500001 0.4875 0.059722221875 0.4859375 0.034722221875 0.47890625 0.0166666671875 0.4625 0.006944443749999999 0.44296875 0.009722221875000001 0.42421875 0.0208333328125 0.3546875 0.075 0.20859375 0.20277777812500003 0.19921875 0.215277778125 0.19296875 0.24305555625 0.19296875 0.2611111109375 0.20234375 0.2791666671875 0.23671875 0.28472222187499996 0.3171875 0.2375
3 0.153125 0 0.15078125 0.0083333328125 0.15 0.0513888890625 0.15390625 0.0638888890625 0.1921875 0.075 0.20859375 0.09444444375 0.2359375 0.1 0.25078125 0.0875 0.2671875 0.059722221875 0.275 0.0375 0.2765625 0.0111111109375 0.27578125 0 0.153125 0
12 0.22734375 0.525 0.25 0.5236111109375 0.2609375 0.4861111109375 0.28359375 0.4458333328125 0.2828125 0.4166666671875 0.278125 0.39444444375 0.2640625 0.372222221875 0.24375 0.3625 0.2203125 0.36805555624999997 0.20625 0.38333333281250004 0.196875 0.3986111109375 0.19140625 0.427777778125 0.190625 0.4583333328125 0.196875 0.4916666671875 0.21171875 0.5166666671875 0.22734375 0.525
12 0.28671640625 0.6302388890625 0.30589765625 0.6398819437500001 0.31640625 0.6013888890625 0.31484375 0.5861111109375 0.316321875 0.5560638890625 0.32734375 0.5541666671875001 0.34609375 0.5625 0.3515625 0.5458333328125 0.3515625 0.502777778125 0.3484375 0.490277778125 0.33671875 0.46527777812500004 0.325 0.45416666718750004 0.29453125 0.4486111109375 0.28203125 0.45555555625000005 0.26484375 0.477777778125 0.25234375 0.5125 0.2546875 0.5583333328125 0.265625 0.5916666671875 0.275 0.6083333328125 0.28671640625 0.6302388890625
12 0.2140625 0.75555555625 0.23671875 0.75555555625 0.25546875 0.7388888890625 0.27265625 0.709722221875 0.278125 0.6888888890625 0.2796875 0.6611111109375 0.2734375 0.622222221875 0.2640625 0.5986111109375 0.240625 0.5708333328124999 0.215625 0.5722222218749999 0.196875 0.584722221875 0.18203125 0.609722221875 0.17421875 0.6388888890625 0.17265625 0.6763888890625 0.17890625 0.7041666671875 0.19296875 0.7333333328125 0.2140625 0.75555555625
10 0.33125 0.9736111109375001 0.35 0.9666666671874999 0.397265625 0.9277777781250001 0.41015625 0.9263888890624999 0.36484375 0.827777778125 0.33515625 0.7958333328125 0.31796875 0.7888888890625 0.2875 0.79444444375 0.25859375 0.8291666671875 0.25234375 0.8486111109375001 0.2515625 0.86944444375 0.26640625 0.9263888890624999 0.3015625 0.965277778125 0.33125 0.9736111109375001
10 0.45390625 0.8361111109375001 0.4703125 0.8236111109375001 0.48203125 0.8055555562500001 0.49453125 0.76944444375 0.49453125 0.73194444375 0.48515625 0.69305555625 0.47421875 0.672222221875 0.45859375 0.6611111109375 0.4421875 0.6611111109375 0.42734375 0.672222221875 0.4140625 0.6888888890625 0.4 0.7263888890625 0.403125 0.790277778125 0.41796875 0.8222222218749999 0.4390625 0.8375 0.45390625 0.8361111109375001
10 0.3203125 0.70555555625 0.3359375 0.7333333328125 0.3515625 0.747222221875 0.37578125 0.7541666671875 0.39765625 0.75 0.41328125 0.690277778125 0.421875 0.6763888890625 0.421875 0.65 0.41171875 0.609722221875 0.39375 0.5791666671875 0.37421875 0.5666666671875 0.321875 0.5513888890625 0.31484375 0.5666666671875 0.315625 0.6083333328125 0.31015625 0.6263888890625 0.30859375 0.652777778125 0.3203125 0.70555555625
2 0.49375 0.7083333328125 0.50234375 0.7166666671875 0.53046875 0.73055555625 0.60234375 0.7194444437499999 0.61640625 0.702777778125 0.62578125 0.6541666671875 0.6140625 0.5916666671875 0.6171875 0.5763888890625 0.63828125 0.54444444375 0.640625 0.522222221875 0.63125 0.5041666671875 0.60546875 0.51944444375 0.5984375 0.49305555625 0.5875 0.477777778125 0.559375 0.47222222187499996 0.5296875 0.4888888890625 0.50703125 0.5138888890625 0.4734375 0.5722222218749999 0.46875 0.5916666671875 0.46796875 0.60694444375 0.4765625 0.640277778125 0.47890625 0.6763888890625 0.49375 0.7083333328125
0 0.5875 0.4763888890625 0.61015625 0.5166666671875 0.64609375 0.49583333281249997 0.65625 0.475 0.66328125 0.44305555625000004 0.66328125 0.40277777812500004 0.65390625 0.36805555624999997 0.6359375 0.33888888906250003 0.6109375 0.322222221875 0.5953125 0.325 0.57265625 0.3458333328125 0.56015625 0.36805555624999997 0.55234375 0.4 0.55078125 0.4513888890625 0.55546875 0.46944444374999994 0.57578125 0.46944444374999994 0.5875 0.4763888890625