2 0.42734375 0.747222221875 0.44375 0.7486111109375 0.45859375 0.7402777781250001 0.46796875 0.725 0.471875 0.70555555625 0.509375 0.6833333328125 0.5203125 0.6569444437499999 0.52265625 0.5638888890625 0.5109375 0.48472222187499997 0.490625 0.4291666671875 0.46484375 0.3958333328125 0.43671875 0.377777778125 0.4234375 0.377777778125 0.3765625 0.4 0.3609375 0.41944444374999995 0.32890625 0.5097222218749999 0.33125 0.575 0.3515625 0.6375 0.3796875 0.690277778125 0.42734375 0.747222221875
2 0.27265625 0.5555555562500001 0.3125 0.5611111109375 0.3265625 0.5694444437499999 0.32890625 0.5013888890625 0.33671875 0.48055555625 0.35 0.4611111109375 0.36015625 0.4166666671875 0.3734375 0.39444444375 0.3671875 0.375 0.3390625 0.34305555625 0.3078125 0.3236111109375 0.28671875 0.31944444375000003 0.2734375 0.3263888890625 0.2515625 0.34861111093749997 0.2375 0.3791666671875 0.2296875 0.4138888890625 0.23046875 0.5138888890625 0.24453125 0.55 0.25078125 0.5583333328125 0.27265625 0.5555555562500001
2 0.48203125 0.2815208328125 0.484375 0.2773541671875 0.48046875 0.24263194375000002 0.4734375 0.2356875 0.46953125 0.2120763890625 0.46875 0.17874305625 0.4609375 0.1620763890625 0.46875 0.14957638906249998 0.48203125 0.14263194375 0.49013359375 0.1391625 0.51011953125 0.1425458328125 0.521875 0.15513194375 0.53671875 0.17179861093749998 0.53984375 0.1690208328125 0.53984375 0.1565208328125 0.5375 0.1398541671875 0.53046875 0.12735416718749998 0.51015625 0.10513194374999998 0.49375 0.100965278125 0.48125 0.107909721875 0.478125 0.10235416718749998 0.4703125 0.100965278125 0.465625 0.1065208328125 0.45859375 0.10374305625 0.425 0.12874305625 0.4171875 0.15374305625 0.41484375 0.175965278125 0.4140625 0.2467986109375 0.41640625 0.263465278125 0.4484375 0.26624305625 0.48203125 0.2815208328125
0 0.5890625 0.7388888890625 0.625 0.7361111109375 0.64609375 0.7166666671875 0.67890625 0.6458333328125 0.68203125 0.627777778125 0.684375 0.5736111109375 0.67734375 0.5319444437499999 0.65 0.47083333281249995 0.6265625 0.45 0.59921875 0.44305555625000004 0.5796875 0.4486111109375 0.55625 0.46944444374999994 0.53828125 0.5013888890625 0.52421875 0.5555555562500001 0.52421875 0.63055555625 0.53984375 0.6875 0.55625 0.7138888890625 0.5890625 0.7388888890625
10 0.284375 0.9388888890624999 0.31875 0.9444444437499999 0.3515625 0.9277777781250001 0.3671875 0.9125 0.38046875 0.8875 0.390625 0.8486111109375001 0.39765625 0.7861111109375 0.39140625 0.7416666671875001 0.3609375 0.69305555625 0.32890625 0.6708333328125 0.2921875 0.6708333328125 0.27421875 0.6791666671875001 0.2515625 0.702777778125 0.22411875 0.7521236109375 0.20733984374999997 0.8043250000000001 0.1796875 0.8138888890624999 0.178125 0.8263888890625 0.1890625 0.852777778125 0.25 0.9138888890624999 0.284375 0.9388888890624999
12 0.13359375 0.8541666671874999 0.1640625 0.86944444375 0.1890625 0.85694444375 0.18203125 0.8333333328125001 0.19609375 0.8 0.21171875 0.797222221875 0.22890625 0.7402777781250001 0.21796875 0.6777777781250001 0.196875 0.6416666671875 0.17109375 0.6263888890625 0.15 0.6263888890625 0.121875 0.64305555625 0.109375 0.6611111109375 0.0984375 0.715277778125 0.09765625 0.7402777781250001 0.10234375 0.7763888890625 0.1171875 0.8263888890625 0.13359375 0.8541666671874999
10 0.2765625 0.6763888890625 0.2953125 0.66805555625 0.32265625 0.6666666671875 0.3265625 0.6555555562500001 0.3296875 0.60555555625 0.3234375 0.5763888890625 0.3109375 0.5625 0.259375 0.559722221875 0.23359375 0.575 0.2203125 0.60694444375 0.2171875 0.6291666671875 0.21875 0.6763888890625 0.23203125 0.7361111109375 0.25859375 0.6916666671875 0.2765625 0.6763888890625
10 0.17109375 0.625 0.196875 0.6361111109375 0.2015625 0.5541666671875001 0.17734375 0.4986111109375 0.1578125 0.48194444374999995 0.1375 0.477777778125 0.09921875 0.5125 0.08828125 0.590277778125 0.08828125 0.6236111109375 0.10390625 0.6666666671875 0.14765625 0.6263888890625 0.17109375 0.625
12 0.053125 0.60694444375 0.0625 0.602777778125 0.065625 0.5555555562500001 0.08828125 0.5166666671875 0.0890625 0.5069444437499999 0.071875 0.42222222187499997 0.05390625 0.40555555625000006 0.0328125 0.40555555625000006 0.01796875 0.42222222187499997 0.009375 0.44166666718750003 0.003125 0.4791666671875 0.0046875 0.5375 0.0109375 0.565277778125 0.034375 0.597222221875 0.053125 0.60694444375
12 0.1140625 0.49305555625 0.13828125 0.47222222187499996 0.1484375 0.45 0.1546875 0.4236111109375 0.15625 0.3958333328125 0.1484375 0.3416666671875 0.1359375 0.3138888890625 0.11640625 0.2986111109375 0.09609375 0.3 0.07890625 0.3236111109375 0.07109375 0.3638888890625 0.07421875 0.41805555625 0.0875 0.48194444374999995 0.1015625 0.49305555625 0.1140625 0.49305555625
6 0.20859375 0.4125 0.23046875 0.397222221875 0.23984375 0.36666666718749996 0.26640625 0.33055555625 0.28984375 0.3166666671875 0.3109375 0.31944444375000003 0.31796875 0.32777777812500003 0.34140625 0.3 0.359375 0.2625 0.36875 0.2125 0.35693593749999997 0.1634458328125 0.33828125 0.15694444375 0.30625 0.1611111109375 0.20078125 0.259722221875 0.15 0.3125 0.146875 0.322222221875 0.15625 0.38055555625 0.1578125 0.41944444374999995 0.16953125 0.4291666671875 0.20859375 0.4125
0 0.4484375 0.38194444375000003 0.4796875 0.40694444374999994 0.5015625 0.4458333328125 0.50703125 0.4361111109375 0.51171875 0.41111111093749997 0.50703125 0.352777778125 0.4984375 0.315277778125 0.48671875 0.2916666671875 0.47109375 0.2791666671875 0.44609375 0.26805555625 0.4171875 0.2708333328125 0.40625 0.2833333328125 0.37578125 0.3458333328125 0.3765625 0.38055555625 0.3859375 0.3888888890625 0.42734375 0.375 0.4484375 0.38194444375000003
3 0.31875 0.1541666671875 0.33515625 0.15555555625 0.35625 0.18194444375000002 0.36796875 0.215277778125 0.36484375 0.24722222187499998 0.34140625 0.30555555624999997 0.3296875 0.3166666671875 0.328125 0.3291666671875 0.3703125 0.3611111109375 0.41171875 0.2666666671875 0.39453125 0.21805555625 0.3921875 0.1763888890625 0.3859375 0.14444444375 0.35859375 0.07638888906249999 0.33203125 0.04444444375 0.290625 0.0388888890625 0.2828125 0.04305555625 0.2765625 0.06805555625000001 0.25078125 0.10694444375 0.2453125 0.13055555624999998 0.26328125 0.2 0.2984375 0.165277778125 0.31875 0.1541666671875
4 0.6296875 0.25 0.66640625 0.20416666718749998 0.690625 0.15277777812499999 0.69140625 0.134722221875 0.6796875 0.102777778125 0.6703125 0.0958333328125 0.6578125 0.0986111109375 0.5609375 0.20416666718749998 0.56796875 0.23055555625 0.5875 0.275 0.59296875 0.27777777812500004 0.6296875 0.25
4 0.65078125 0.46944444374999994 0.68125 0.5486111109375 0.68671875 0.5583333328125 0.69921875 0.565277778125 0.72578125 0.565277778125 0.74921875 0.5541666671875001 0.75234375 0.5319444437499999 0.7375 0.48194444374999995 0.71171875 0.44305555625000004 0.6765625 0.40416666718750005 0.60625 0.322222221875 0.621875 0.3708333328125 0.6328125 0.44166666718750003 0.6375 0.45555555625000005 0.65078125 0.46944444374999994
8 0.5234375 0.4791666671875 0.53046875 0.49583333281249997 0.5359375 0.5 0.54921875 0.475 0.578125 0.4486111109375 0.6015625 0.44166666718750003 0.6296875 0.44444444375 0.62734375 0.397222221875 0.61640625 0.3513888890625 0.5625 0.2166666671875 0.5375 0.17361111093749998 0.52265625 0.15694444375 0.5130015625000001 0.14373055625 0.49140625 0.134722221875 0.47109375 0.134722221875 0.45862109375 0.1531416671875 0.46953125 0.19305555624999998 0.5086703124999999 0.33708194375 0.5234375 0.4791666671875