9 0.20800000000000002 0.62175 0.236 0.63725 0.3056666671875 0.67 0.40766666718750005 0.7150000000000001 0.48666666718749996 0.7434999999999999 0.5980000000000001 0.7737499999999999 0.6473333328125 0.78275 0.6863333328125 0.78275 0.7123333328125 0.779 0.725 0.77525 0.74 0.767 0.748 0.76025 0.751 0.75575 0.758 0.73975 0.758 0.728 0.7556666671875 0.71925 0.7486666671875 0.708 0.7323333328125 0.693 0.7163333328125 0.6839999999999999 0.6910000000000001 0.67325 0.2716666671875 0.5675 0.26 0.56575 0.236 0.56525 0.189 0.56825 0.184 0.572 0.17433333281250002 0.5875 0.17533333281250002 0.59175 0.1893333328125 0.6105 0.20800000000000002 0.62175
5 0.6933333328125 0.673 0.7006666671875 0.6719999999999999 0.7143333328125 0.66175 0.725 0.64725 0.7283333328125 0.636 0.7283333328125 0.618 0.7253333328125 0.61025 0.7186666671874999 0.6025 0.7043333328125 0.591 0.6893333328125 0.5820000000000001 0.659 0.57575 0.642 0.5780000000000001 0.6313333328125 0.581 0.6043333328125 0.5925 0.5936666671874999 0.6025 0.5853333328125 0.619 0.585 0.63375 0.5916666671875 0.64725 0.5986666671875 0.65025 0.6933333328125 0.673
1 0.8063333328125 0.616 0.8223333328125 0.62575 0.8493333328125001 0.63475 0.8643333328124999 0.6375 0.8733333328124999 0.63775 0.8960000000000001 0.6335 0.9196666671875 0.6214999999999999 0.942 0.60725 0.9483333328124999 0.592 0.9480000000000001 0.57975 0.9436666671875 0.564 0.9353333328125 0.5515 0.9276666671875 0.544 0.9166666671874999 0.537 0.844 0.49800000000000005 0.827 0.49524999999999997 0.8186666671875 0.4955 0.8143333328125 0.49775 0.8227163328125 0.508032 0.8275433328125 0.5169235 0.8218386671875001 0.5268032500000001 0.7919986671875 0.54228125 0.7796666671875 0.56475 0.7776666671875 0.57325 0.7773333328125 0.58025 0.779 0.58675 0.7866666671875 0.6 0.8063333328125 0.616
1 0.8073333328125001 0.49850000000000005 0.8103333328125 0.5 0.8158133328125 0.49544275000000004 0.8341773328125001 0.49462 0.8676666671875 0.511 0.8880000000000001 0.50625 0.9116666671875 0.49474999999999997 0.9203333328125 0.48525 0.9276666671875 0.47000000000000003 0.9279999999999999 0.46224999999999994 0.9256666671874999 0.45175 0.9206666671875 0.44275000000000003 0.914 0.43574999999999997 0.8966666671875 0.42350000000000004 0.881 0.41775 0.8643333328124999 0.41475 0.8390000000000001 0.41525 0.8146666671875 0.4215 0.7969999999999999 0.43324999999999997 0.787 0.44325000000000003 0.7833333328125 0.45499999999999996 0.7836666671875 0.46675000000000005 0.7889999999999999 0.48150000000000004 0.7966666671875 0.491 0.8073333328125001 0.49850000000000005
6 0.46666666718750005 0.60725 0.49766666718749997 0.62 0.5560876671874999 0.63560525 0.5780216671875 0.62590525 0.588597 0.59974425 0.590164 0.5882805 0.616015 0.5859289999999999 0.6520496671875 0.57652275 0.6876926671875 0.5838715 0.7246666671875001 0.6042500000000001 0.7403333328125 0.59325 0.7473333328125 0.58 0.751 0.5605 0.7496666671875001 0.5565 0.6967013328125 0.5471285 0.673592 0.5330192499999999 0.6524413328125 0.52008575 0.648916 0.50744625 0.6779006671875 0.51185525 0.6923926671875 0.5009795 0.697093 0.47981550000000006 0.6853333328125 0.46224999999999994 0.6786666671875 0.45499999999999996 0.6656666671875 0.45075000000000004 0.6463333328124999 0.44775 0.6285486671875 0.44777575000000003 0.6101396671875 0.4548305 0.5932973328125 0.44513024999999995 0.5683333328125 0.44400000000000006 0.5446666671875 0.44749999999999995 0.533 0.45099999999999996 0.4903333328125 0.46849999999999997 0.4683333328125 0.48224999999999996 0.4563333328125 0.49400000000000005 0.4516666671875 0.50175 0.45066666718750004 0.509 0.45066666718750004 0.5505 0.454 0.58375 0.4583333328125 0.596 0.46666666718750005 0.60725
10 0.629272 0.44732275 0.6600543328125 0.44821125000000006 0.6840293328125 0.4570965 0.6952766671874999 0.475533 0.6973333328125 0.49000000000000005 0.7013333328125 0.48975 0.7236666671875 0.48224999999999996 0.7483333328125 0.47050000000000003 0.7656666671875 0.45925000000000005 0.8126666671875 0.4225 0.8201826671875001 0.405563 0.8133333328125 0.397 0.8240303328125 0.3886815 0.8219586671875 0.38112925 0.7966666671875 0.3805 0.7906666671875 0.37725 0.7763333328125 0.3725 0.7243333328125 0.3735 0.6816666671875 0.3795 0.6656666671875 0.3825 0.6426666671875 0.389 0.6243333328125 0.39825 0.6143333328125 0.40675 0.607 0.417 0.6043333328125 0.43099999999999994 0.604 0.43949999999999995 0.6063333328125 0.44675000000000004 0.611 0.45225 0.629272 0.44732275
2 0.2756666671875 0.53675 0.3003333328125 0.557 0.337 0.5765 0.365 0.5795 0.38 0.5775 0.3883333328125 0.575 0.42000000000000004 0.5625 0.42833333281249997 0.5565 0.43833333281250003 0.54475 0.4453333328125 0.526 0.4476666671875 0.5077499999999999 0.44699999999999995 0.49400000000000005 0.44333333281250004 0.48 0.437 0.46624999999999994 0.4263333328125 0.45275 0.4183333328125 0.446 0.396 0.43499999999999994 0.3803333328125 0.43099999999999994 0.36066666718749996 0.4305 0.3463333328125 0.43150000000000005 0.3213333328125 0.43724999999999997 0.2956666671875 0.44675000000000004 0.282 0.45475000000000004 0.2736666671875 0.46125 0.2693333328125 0.46675000000000005 0.2606666671875 0.48600000000000004 0.26 0.5035000000000001 0.2616666671875 0.5135 0.2676666671875 0.52575 0.2756666671875 0.53675
0 0.1652553328125 0.47175 0.180922 0.48224999999999996 0.19625533281250002 0.49024999999999996 0.206922 0.49400000000000005 0.2145886671875 0.495 0.2292553328125 0.49400000000000005 0.2602553328125 0.48525 0.2708613328125 0.4617495 0.2910146671875 0.44785975 0.3262553328125 0.434 0.332922 0.40475000000000005 0.33125533281249997 0.3845 0.3275886671875 0.37675000000000003 0.32125533281249996 0.36825 0.302942 0.35155824999999996 0.2852563328125 0.34415049999999997 0.2712726671875 0.34754575 0.267571 0.33982925 0.2572886671875 0.33396475 0.2683936671875 0.32871775 0.27250633281250003 0.32285325 0.2714743328125 0.311458 0.25870733281249997 0.307416 0.2475886671875 0.312 0.2367243328125 0.317606 0.23014366718749998 0.327483 0.157922 0.34175 0.1502553328125 0.34550000000000003 0.140922 0.35350000000000004 0.1342553328125 0.36524999999999996 0.1347303328125 0.37698925 0.13611866718750001 0.38350125 0.129922 0.39625 0.13025533281249999 0.41574999999999995 0.133922 0.42750000000000005 0.1515886671875 0.45925000000000005 0.1652553328125 0.47175
0 0.6033333328125 0.3975 0.619 0.39675 0.6717526671875 0.38061525 0.7206666671875 0.373 0.7326666671875001 0.36150000000000004 0.7403333328125 0.351 0.744 0.34225 0.7443333328125 0.33275 0.74 0.3065 0.737 0.29975 0.731 0.29125 0.7243333328125 0.28500000000000003 0.7016666671875 0.27525 0.6793706671875 0.27177324999999997 0.6642483328125001 0.27797425 0.6550503328125 0.26966725 0.6480346671875 0.26674224999999996 0.6246666671875001 0.26749999999999996 0.5996666671875001 0.27575 0.5916666671875 0.2805 0.5780000000000001 0.29275 0.576 0.29474999999999996 0.5780000000000001 0.32625000000000004 0.5906666671874999 0.3845 0.6033333328125 0.3975
8 0.3379616671875 0.40475000000000005 0.3566283328125 0.42275 0.3669616671875 0.4285 0.3996283328125 0.43425 0.4246283328125 0.43600000000000005 0.44362833281249997 0.43174999999999997 0.520987 0.40398875 0.5577706671875 0.393393 0.5744906671875001 0.35965349999999996 0.5666283328125 0.32225000000000004 0.5696283328125 0.30975 0.5509616671875001 0.28175 0.534295 0.26349999999999996 0.47762833281250006 0.23325 0.4636283328125 0.2285 0.456295 0.22725 0.43462833281249996 0.22799999999999998 0.4046906671875 0.24365725 0.3838836671875 0.2397535 0.3206283328125 0.277 0.31196166718749996 0.28575 0.3089616671875 0.29100000000000004 0.3092493328125 0.31413175 0.310364 0.32361225 0.29921733281249996 0.32807375 0.2979616671875 0.33625 0.2969616671875 0.34525 0.29829500000000003 0.34950000000000003 0.325293 0.37052975 0.3379616671875 0.40475000000000005
7 0.14930300000000002 0.3066475 0.1626363328125 0.31814749999999997 0.17996966718750002 0.3258975 0.19963633281249998 0.3286475 0.2297913328125 0.32706575 0.2430563328125 0.311949 0.26148 0.306234 0.27277999999999997 0.31305499999999997 0.2715516671875 0.3259595 0.258778 0.33314925 0.2739696671875 0.33489749999999996 0.2936363328125 0.3338975 0.309303 0.3228975 0.3098726671875 0.282466 0.3371396671875 0.2684555 0.3560546671875 0.2542605 0.3828303328125 0.24209350000000002 0.403219 0.24375249999999998 0.4299946671875 0.2281025 0.435399 0.2128015 0.434662 0.20155599999999999 0.429749 0.18717675 0.42213399999999995 0.18164625 0.4069036671875 0.18478025 0.3882346671875 0.1954725 0.396341 0.17537825 0.39486699999999997 0.15952424999999998 0.3909366671875 0.15251900000000002 0.3793913328125 0.1480945 0.357774 0.1543625 0.344018 0.1670825 0.301626 0.20233775 0.2912736671875 0.19711375 0.27610233281249996 0.19577424999999998 0.2589673328125 0.1972475 0.23665633281249998 0.20756175 0.221842 0.21626825 0.19114199999999998 0.19739575 0.1868583328125 0.18882325 0.1657163328125 0.18097000000000002 0.1529696671875 0.1823975 0.1456363328125 0.1851475 0.14430300000000001 0.1878975 0.1509113328125 0.2295395 0.1376363328125 0.2773975 0.141303 0.2948975 0.14930300000000002 0.3066475
