0 0.674 0.31425000000000003 0.6826666671875 0.3175 0.701 0.319 0.7633333328125 0.30775 0.775 0.3025 0.792 0.2905 0.8026666671875 0.27925 0.8150000000000001 0.25125000000000003 0.8176666671874999 0.24425 0.818 0.2285 0.8153333328124999 0.22075 0.8063333328125 0.205 0.792 0.18975 0.779 0.18025 0.7623333328124999 0.1695 0.734 0.158 0.7126666671875 0.15675 0.7056666671875 0.15825 0.6656666671875 0.175 0.6536666671875 0.18175 0.6453333328124999 0.194 0.639 0.20750000000000002 0.6346666671875 0.22174999999999997 0.632 0.2385 0.632 0.25425 0.6353333328125 0.271 0.645 0.29075 0.674 0.31425000000000003
10 0.7325243328125 0.4359985 0.779 0.44875 0.8843333328125 0.47375 0.943 0.4805 0.9596666671875 0.47975 0.9746666671875 0.47750000000000004 0.983 0.47525000000000006 0.9996666671875 0.46675000000000005 0.9996666671875 0.39525 0.9953333328125 0.39225 0.9743333328125001 0.3835 0.962 0.38075000000000003 0.9323333328125001 0.379 0.794821 0.3757195 0.7587673328125 0.37811675 0.7322973328125 0.396269 0.6811833328125 0.39387150000000004 0.6807266671875001 0.404489 0.7256786671875 0.41818875 0.7325243328125 0.4359985
7 0.178 0.20224999999999999 0.188 0.21875 0.1946666671875 0.22574999999999998 0.20833333281250002 0.23450000000000001 0.2363333328125 0.24500000000000002 0.26233333281250004 0.25 0.2863333328125 0.252 0.3183333328125 0.251 0.3496666671875 0.24575 0.3806666671875 0.23700000000000002 0.41166666718749995 0.22400000000000003 0.43533333281250003 0.21025 0.4596666671875 0.19325 0.48166666718749995 0.17350000000000002 0.4903333328125 0.16025 0.49800000000000005 0.1395 0.49800000000000005 0.13425 0.4893333328125 0.126 0.4813333328125 0.12525 0.47133333281249995 0.12675 0.45899999999999996 0.13025 0.43200000000000005 0.141 0.3923333328125 0.16325 0.3573333328125 0.17825 0.32566666718750004 0.187 0.284 0.19125 0.1823333328125 0.177 0.1607463328125 0.1699755 0.150476 0.163782 0.1356666671875 0.155 0.1257173328125 0.16171750000000001 0.132 0.16924999999999998 0.14566666718750002 0.178 0.16599999999999998 0.19125 0.178 0.20224999999999999
7 0.1296666671875 0.22075 0.1346666671875 0.248 0.1423333328125 0.26025 0.15 0.26875 0.16999999999999998 0.282 0.1973333328125 0.29500000000000004 0.2293333328125 0.3065 0.2436666671875 0.31 0.2703333328125 0.31275 0.3023333328125 0.313 0.3303333328125 0.30924999999999997 0.3573333328125 0.30274999999999996 0.3776666671875 0.29474999999999996 0.4066666671875 0.27949999999999997 0.42133333281249996 0.26825 0.4363333328125 0.25225 0.44299999999999995 0.2385 0.4446666671875 0.22974999999999998 0.4443333328125 0.21675 0.43933333281250003 0.21225 0.43533333281250003 0.21175000000000002 0.4273333328125 0.217 0.4233333328125 0.21749999999999997 0.4126666671875 0.22475 0.40366666718750005 0.22774999999999998 0.397 0.23149999999999998 0.3723333328125 0.24100000000000002 0.3493333328125 0.2475 0.3156666671875 0.25375000000000003 0.2996666671875 0.25475 0.2746666671875 0.25475 0.254 0.25225 0.2233333328125 0.24225 0.15781633281250002 0.21313425000000003 0.1345633328125 0.18594375000000002 0.12158466718750001 0.16829025 0.1086666671875 0.172 0.1123916671875 0.18939325 0.1253333328125 0.20550000000000002 0.1256666671875 0.217 0.1296666671875 0.22075
7 0.2096666671875 0.18175 0.269 0.1895 0.2883333328125 0.1895 0.3333333328125 0.1845 0.3536666671875 0.1785 0.381 0.1675 0.40433333281249995 0.15575 0.4296666671875 0.13925 0.45133333281250004 0.12050000000000001 0.46666666718750005 0.10500000000000001 0.4756666671875 0.09175 0.48266666718750006 0.07625 0.48200000000000004 0.068 0.4743333328125 0.056499999999999995 0.47066666718750005 0.05525 0.45133333281250004 0.056499999999999995 0.4273333328125 0.064 0.41966666718749995 0.068 0.3996666671875 0.08199999999999999 0.3946666671875 0.08375 0.3776666671875 0.09425 0.37066666718749997 0.10024999999999999 0.363 0.1035 0.3566666671875 0.10800000000000001 0.31 0.132 0.2743333328125 0.14475 0.23733333281250002 0.153 0.1806666671875 0.15875 0.16 0.1555 0.13988133281249998 0.1512145 0.13698266718750002 0.15407675 0.1586666671875 0.16725 0.17533333281250002 0.17425 0.2096666671875 0.18175
1 0.7126666671875 0.5822499999999999 0.7106666671874999 0.587 0.712 0.5915 0.739 0.616 0.751 0.6224999999999999 0.764 0.627 0.783 0.63025 0.7946666671875 0.63025 0.8103333328125 0.6292500000000001 0.8196666671875 0.62675 0.8343333328125 0.62025 0.8416666671874999 0.615 0.8553333328124999 0.59925 0.8583333328125 0.59175 0.8583333328125 0.58175 0.8506666671875 0.5635 0.8386666671875 0.54875 0.8273333328125 0.54 0.8136666671875 0.533 0.799 0.529 0.7816666671875 0.5269999999999999 0.7676666671875 0.5275000000000001 0.752 0.53075 0.737 0.537 0.724 0.5485 0.7173333328125 0.55675 0.7150000000000001 0.56325 0.7106666671874999 0.56775 0.713 0.57475 0.7126666671875 0.5822499999999999
1 0.8476666671875 0.79875 0.8640000000000001 0.807 0.8880000000000001 0.8145 0.8949999999999999 0.8154999999999999 0.9119999999999999 0.81525 0.9353333328125 0.808 0.9443333328125 0.80325 0.9633333328125 0.787 0.9710000000000001 0.7735000000000001 0.9710000000000001 0.7502500000000001 0.9593333328125 0.7285 0.9359999999999999 0.71175 0.9163333328125001 0.702 0.8963333328124999 0.6950000000000001 0.881 0.6935 0.8603333328125 0.6945 0.8463333328125 0.6980000000000001 0.8353333328125 0.70225 0.8236666671874999 0.712 0.7983333328125 0.739 0.7986666671875 0.744 0.818 0.7707499999999999 0.8323333328125001 0.787 0.8476666671875 0.79875
8 0.43166666718749996 0.496 0.47466666718750006 0.51375 0.48200000000000004 0.5155000000000001 0.49466666718749996 0.5157499999999999 0.5173333328124999 0.5115000000000001 0.568 0.49800000000000005 0.5883333328125 0.49024999999999996 0.6186666671875 0.47050000000000003 0.6376666671875 0.44725000000000004 0.6543333328125 0.3805 0.647 0.36124999999999996 0.628 0.325 0.6086666671875001 0.30525 0.5966666671875 0.29825 0.5643333328125 0.29300000000000004 0.4813333328125 0.28500000000000003 0.47066666718750005 0.28725 0.4106666671875 0.314 0.3723333328125 0.3375 0.34500000000000003 0.39249999999999996 0.341 0.40374999999999994 0.3416666671875 0.41600000000000004 0.3613333328125 0.445 0.3903333328125 0.46725000000000005 0.43166666718749996 0.496
2 0.251 0.64 0.2686666671875 0.655 0.284 0.6625 0.3023333328125 0.6675 0.3223333328125 0.6685 0.3413333328125 0.66625 0.3756666671875 0.65475 0.39 0.64625 0.3986666671875 0.63825 0.4063333328125 0.62675 0.40933333281250006 0.6155 0.409 0.5974999999999999 0.40599999999999997 0.58375 0.4006666671875 0.57175 0.3926666671875 0.56025 0.375 0.54475 0.366 0.54025 0.3493333328125 0.5349999999999999 0.333 0.5325 0.314 0.53275 0.2983333328125 0.53625 0.2866666671875 0.54025 0.26 0.5549999999999999 0.251 0.56325 0.24300000000000002 0.57225 0.23766666718749999 0.5875 0.23733333281250002 0.60575 0.23866666718750001 0.61675 0.24333333281249997 0.6287499999999999 0.251 0.64
6 0.46566666718749994 0.693 0.47133333281249995 0.70475 0.48200000000000004 0.7162499999999999 0.48966666718749996 0.7215 0.4933333328125 0.7264999999999999 0.514 0.7394999999999999 0.5276666671875 0.7525000000000001 0.5296666671875 0.75575 0.5416666671875 0.759 0.5543333328125 0.7605000000000001 0.576 0.7577499999999999 0.5916666671875 0.7505 0.5973333328125 0.7405 0.5976666671875 0.73525 0.595 0.72775 0.5966666671875 0.721 0.596 0.7162499999999999 0.5986666671875 0.710125 0.604 0.70075 0.6226666671875 0.69025 0.6263333328125 0.68675 0.644 0.68225 0.663 0.6837500000000001 0.6813333328125 0.6877500000000001 0.6866666671874999 0.6872499999999999 0.6976666671875 0.6885 0.7203333328125 0.687 0.7253333328125 0.6855 0.7283333328125 0.6825 0.7323333328125 0.67475 0.7343333328125 0.6655 0.735 0.65175 0.734 0.6465 0.7316666671875 0.64225 0.728 0.63925 0.7166666671875 0.6355000000000001 0.6973333328125 0.63425 0.6843333328125001 0.63225 0.6713333328125 0.625 0.6696666671875 0.62 0.6703333328125 0.61025 0.6743333328125 0.601 0.674 0.5955 0.6639999999999999 0.5795 0.6559999999999999 0.57175 0.6416666671875 0.56425 0.6236666671875 0.56125 0.6113333328125 0.5622499999999999 0.6053333328125 0.56425 0.600889 0.56758325 0.5946666671874999 0.5655 0.5873333328125 0.56025 0.5806666671875 0.55925 0.5650000000000001 0.5545 0.549 0.5549999999999999 0.537 0.55925 0.4836666671875 0.59225 0.481 0.59675 0.4663333328125 0.6085 0.45999999999999996 0.61525 0.4523333328125 0.63075 0.4503333328125 0.6415 0.45 0.647 0.4516666671875 0.65425 0.4603333328125 0.6725 0.46566666718749994 0.693
9 0.36633333281249997 0.7955 0.41166666718749995 0.8230000000000001 0.48566666718749996 0.8585 0.5213333328124999 0.87225 0.5599999999999999 0.883 0.587 0.884 0.6016666671875 0.88125 0.6153333328125 0.87575 0.623 0.8710000000000001 0.6286666671875001 0.865 0.6323333328125 0.86025 0.6356666671875 0.8494999999999999 0.6356666671875 0.8412499999999999 0.632 0.828 0.6266666671875 0.8164999999999999 0.602 0.79875 0.5723333328125 0.78425 0.3533333328125 0.68575 0.25166666718749997 0.643 0.23566666718749998 0.63875 0.2256666671875 0.63825 0.20433333281250002 0.644 0.2006666671875 0.64675 0.1943333328125 0.662 0.22033333281249998 0.69275 0.2323333328125 0.7032499999999999 0.36633333281249997 0.7955
5 0.665 0.8675 0.6803333328125001 0.8727499999999999 0.6976666671875 0.876 0.7116666671874999 0.876 0.7316666671875 0.86975 0.7436666671875 0.8622500000000001 0.7486666671875 0.8574999999999999 0.7566666671875 0.8425 0.759 0.8345 0.7593333328125 0.82575 0.7573333328125 0.8150000000000001 0.752 0.8067500000000001 0.7406666671875 0.794 0.7286666671875001 0.7849999999999999 0.721 0.7815000000000001 0.7013333328125 0.77525 0.686 0.77525 0.6666666671875 0.7787499999999999 0.6536666671875 0.78425 0.6436666671875 0.7905 0.6373333328124999 0.7975 0.631 0.8102499999999999 0.631 0.8210000000000001 0.6403333328125 0.844 0.65 0.857 0.665 0.8675
0 0.0803333328125 0.5255 0.1383333328125 0.5635 0.15 0.568 0.16999999999999998 0.5715 0.1933333328125 0.5705 0.22033333281249998 0.5650000000000001 0.2363333328125 0.5587500000000001 0.2456666671875 0.55275 0.252 0.54475 0.27 0.4995 0.2683333328125 0.49000000000000005 0.25633333281250004 0.46224999999999994 0.24500000000000002 0.4465 0.2323333328125 0.43724999999999997 0.2193333328125 0.43150000000000005 0.20099999999999998 0.4255 0.186 0.42300000000000004 0.154 0.42424999999999996 0.1386666671875 0.429 0.0873333328125 0.45899999999999996 0.076 0.46975 0.06933333281250001 0.48425 0.06899999999999999 0.502 0.07033333281250001 0.50925 0.072 0.51425 0.0803333328125 0.5255
