2 0.713 0.8955 0.7206666671875 0.89825 0.732 0.897 0.74 0.8939999999999999 0.7556666671875 0.88375 0.768 0.86525 0.769 0.8522500000000001 0.7676666671875 0.8460000000000001 0.7573333328125 0.834 0.7476666671875 0.8255000000000001 0.7230000000000001 0.81525 0.708 0.8145 0.6956666671875 0.818 0.6816666671875 0.8307499999999999 0.6753333328125 0.8452500000000001 0.674 0.8532500000000001 0.675 0.8619999999999999 0.6806666671875 0.87475 0.713 0.8955
2 0.437 0.7777499999999999 0.45099999999999996 0.7837500000000001 0.46666666718750005 0.78575 0.487 0.7815000000000001 0.5003333328124999 0.77325 0.513 0.75525 0.5123333328124999 0.73625 0.5053333328125 0.72075 0.49833333281250003 0.713 0.48966666718749996 0.7072499999999999 0.4836666671875 0.704 0.46666666718750005 0.70025 0.45466666718750004 0.701 0.44733333281250004 0.70275 0.43566666718749997 0.7070000000000001 0.42933333281249997 0.71175 0.4233333328125 0.7195 0.422 0.725 0.4216666671875 0.73975 0.42433333281249996 0.75925 0.4303333328125 0.77 0.437 0.7777499999999999
2 0.593 0.764 0.6013333328125 0.7675 0.6116666671875 0.7705 0.6226666671875 0.77175 0.635 0.77125 0.6456666671875 0.76875 0.6559999999999999 0.76275 0.6646666671875 0.752 0.67 0.737 0.6676666671875 0.7245 0.662 0.7165 0.654 0.70875 0.648 0.7045 0.639 0.70075 0.6233333328125 0.6992499999999999 0.603 0.70075 0.5916666671875 0.7045 0.585 0.70875 0.58 0.71275 0.5763333328125 0.71975 0.572 0.73375 0.5723333328125 0.7434999999999999 0.577 0.752 0.5813333328125 0.75625 0.593 0.764
2 0.6813333328125 0.8035 0.7023333328125 0.81225 0.717 0.81325 0.724 0.81175 0.7343333328125 0.80325 0.7406666671875 0.7955 0.7473333328125 0.7805 0.748 0.76275 0.7466666671875 0.756 0.7433333328125 0.751 0.7296666671875001 0.74075 0.7093333328125 0.7344999999999999 0.7023333328125 0.7335 0.6773333328125 0.737 0.6716666671875 0.741 0.6599999999999999 0.76225 0.6599999999999999 0.7769999999999999 0.663 0.78625 0.671 0.7969999999999999 0.6813333328125 0.8035
2 0.6763333328125001 0.73525 0.693 0.73375 0.705 0.7304999999999999 0.7223333328125 0.71875 0.729 0.7082499999999999 0.7303333328125 0.70175 0.7293333328125 0.69375 0.7263333328125 0.687 0.7186666671874999 0.67775 0.7116666671874999 0.67275 0.6893333328125 0.6639999999999999 0.6746666671875 0.6667500000000001 0.6656666671875 0.66975 0.6453333328124999 0.6849999999999999 0.6406666671875 0.69275 0.64 0.7015 0.66247 0.7141595 0.6723333328125001 0.734 0.6763333328125001 0.73525
2 0.5053333328125 0.66225 0.517 0.6667500000000001 0.5233333328125 0.6675 0.541 0.667 0.5573333328125 0.661 0.5683333328125 0.65 0.5726666671875 0.64225 0.5743333328125 0.63525 0.5723333328125 0.622 0.5623333328125 0.609 0.5513333328125001 0.6025 0.533 0.59825 0.5196666671875 0.59875 0.5063333328125 0.603 0.501 0.60775 0.48566666718749996 0.6287499999999999 0.485 0.6355000000000001 0.4863333328125 0.641 0.49400000000000005 0.654 0.5053333328125 0.66225
2 0.43933333281250003 0.631 0.45766666718750004 0.6335 0.46666666718750005 0.633 0.47400000000000003 0.631 0.48200000000000004 0.628 0.49133333281249997 0.6214999999999999 0.49866666718749997 0.6115 0.5003333328124999 0.60725 0.4996666671875 0.5965 0.49466666718749996 0.58525 0.491 0.58 0.484 0.5742499999999999 0.46699999999999997 0.56575 0.45099999999999996 0.5635 0.43833333281250003 0.5655 0.42366666718749996 0.5735 0.41733333281249996 0.579 0.4136666671875 0.588 0.41333333281250006 0.60275 0.417 0.618 0.422 0.62325 0.43933333281250003 0.631
2 0.511 0.59825 0.5293333328125 0.5972500000000001 0.5396666671875 0.5934999999999999 0.558 0.57875 0.562 0.571 0.5633333328125001 0.564 0.5616666671874999 0.5545 0.5559999999999999 0.5467500000000001 0.538 0.53625 0.5203333328124999 0.533 0.5096666671875 0.5335 0.49400000000000005 0.5385 0.4813333328125 0.5575 0.4783333328125 0.56575 0.47800000000000004 0.56825 0.4933333328125 0.5820000000000001 0.5016666671875 0.5965 0.511 0.59825
2 0.426 0.56075 0.43499999999999994 0.564 0.4676666671875 0.5635 0.471 0.5615 0.4763333328125 0.5525 0.491 0.5337500000000001 0.49233333281249997 0.5277499999999999 0.49066666718749996 0.521 0.4823333328125 0.51275 0.476 0.5085 0.46666666718750005 0.5045 0.4483333328125 0.5025000000000001 0.4403333328125 0.50475 0.41566666718749995 0.525 0.4113333328125 0.53075 0.4113333328125 0.5375 0.4143333328125 0.55 0.42133333281249996 0.55775 0.426 0.56075
2 0.49400000000000005 0.53275 0.49766666718749997 0.53425 0.509 0.53275 0.5303333328125001 0.5325 0.5376666671875 0.534 0.5433333328125001 0.5315000000000001 0.5486666671875 0.5269999999999999 0.5563333328125 0.5175 0.5576666671875 0.5055 0.5546666671875 0.49375 0.545 0.48375 0.5389999999999999 0.4805 0.5293333328125 0.47775 0.5096666671875 0.47750000000000004 0.5023333328125 0.47874999999999995 0.493 0.48224999999999996 0.48600000000000004 0.48624999999999996 0.48200000000000004 0.491 0.4783333328125 0.493 0.4756666671875 0.49850000000000005 0.4763333328125 0.5085 0.4863333328125 0.5157499999999999 0.49000000000000005 0.5205 0.49400000000000005 0.53275
2 0.572 0.56725 0.576 0.568 0.607 0.5667500000000001 0.6136666671875 0.5627500000000001 0.6166666671875001 0.55925 0.624 0.54325 0.626 0.5345 0.6233333328125 0.5255 0.615 0.5175 0.5913333328125 0.5117499999999999 0.5763333328125 0.5095 0.5593333328125001 0.513 0.5536666671875 0.523 0.5423333328125 0.53325 0.542 0.537 0.5586666671875 0.5485 0.5660000000000001 0.564 0.572 0.56725
2 0.5863333328125 0.63075 0.6016666671875 0.63025 0.6123333328125 0.627 0.619 0.623 0.6243333328125 0.6195 0.6313333328125 0.6105 0.6346666671875 0.6005 0.6333333328124999 0.58825 0.629 0.58 0.618 0.572 0.6106666671875 0.5690000000000001 0.6016666671875 0.568 0.5906666671874999 0.56825 0.5756666671875 0.571 0.563 0.577 0.5556666671875 0.5860000000000001 0.5516666671875 0.595 0.5516666671875 0.6005 0.5623333328125 0.6075 0.576 0.628 0.5863333328125 0.63075
2 0.6413333328124999 0.65425 0.6613333328125 0.661 0.678 0.66125 0.687 0.65925 0.6980000000000001 0.65225 0.7096666671875 0.631 0.7110000000000001 0.62275 0.7086666671875 0.6165 0.6933333328125 0.603 0.678 0.597 0.6613333328125 0.59675 0.6426666671875 0.6014999999999999 0.634 0.6085 0.629 0.6174999999999999 0.626 0.6305 0.6256666671875 0.6355000000000001 0.6276666671875 0.6405000000000001 0.633 0.6475 0.6413333328124999 0.65425
2 0.637 0.5962500000000001 0.642 0.5980000000000001 0.6563333328125001 0.59575 0.6786666671875 0.59575 0.6853333328125 0.59075 0.6946666671874999 0.5795 0.6963333328125 0.5650000000000001 0.693 0.55 0.6823333328125 0.5425 0.666 0.5385 0.6423333328124999 0.5395 0.628 0.5435 0.623 0.549 0.614 0.5660000000000001 0.6143333328125 0.56925 0.6226666671875 0.5740000000000001 0.6313333328125 0.58275 0.637 0.5962500000000001
2 0.625 0.529 0.627 0.53825 0.6293333328124999 0.541 0.6673333328125 0.538 0.6713333328125 0.53675 0.6769999999999999 0.5325 0.6826666671875 0.522 0.6849999999999999 0.5135 0.6833333328125 0.5065000000000001 0.6783333328125 0.49850000000000005 0.6576666671875 0.49175 0.6463333328124999 0.49024999999999996 0.625 0.49225 0.6136666671875 0.49824999999999997 0.6086666671875001 0.5095 0.6086666671875001 0.51375 0.6206666671875001 0.52175 0.625 0.529
2 0.5643333328125 0.45149999999999996 0.588 0.4535 0.617 0.45149999999999996 0.622 0.44725000000000004 0.6293333328124999 0.43499999999999994 0.6296666671875 0.43099999999999994 0.6273333328125 0.42424999999999996 0.6156666671875 0.41 0.602 0.4035 0.592 0.40149999999999997 0.5806666671875 0.40175 0.5723333328125 0.40499999999999997 0.5486666671875 0.42575 0.5486666671875 0.43274999999999997 0.5506666671875 0.43925000000000003 0.5556666671875 0.445 0.5643333328125 0.45149999999999996
2 0.6346666671875 0.44025 0.653 0.44125 0.6613333328125 0.43949999999999995 0.6683333328125001 0.4365 0.6803333328125001 0.42800000000000005 0.6776666671875 0.41050000000000003 0.6702056671875 0.38661650000000003 0.6503333328124999 0.3825 0.6406666671875 0.383 0.634 0.38475000000000004 0.6283333328125 0.38849999999999996 0.6146666671875 0.40475000000000005 0.6133333328125 0.40800000000000003 0.628 0.42575 0.63 0.43600000000000005 0.6346666671875 0.44025
2 0.48600000000000004 0.44375 0.4943333328125 0.4385 0.5006666671875 0.4325 0.5056666671875 0.42474999999999996 0.505 0.41624999999999995 0.496 0.40425000000000005 0.488 0.39625 0.48266666718750006 0.393 0.47466666718750006 0.3915 0.4663333328125 0.3915 0.4583333328125 0.393 0.44699999999999995 0.3975 0.4403333328125 0.404 0.44000000000000006 0.40824999999999995 0.4423333328125 0.41224999999999995 0.4823333328125 0.44475 0.48600000000000004 0.44375
2 0.4303333328125 0.39 0.4463333328125 0.39649999999999996 0.46299999999999997 0.3915 0.47866666718750006 0.39075000000000004 0.487 0.38375 0.49000000000000005 0.377 0.489 0.36225 0.48333333281249996 0.35350000000000004 0.4703333328125 0.34550000000000003 0.4563333328125 0.34199999999999997 0.44266666718750003 0.343 0.4313333328125 0.34700000000000003 0.42366666718749996 0.354 0.41566666718749995 0.3685 0.41566666718749995 0.37675000000000003 0.4233333328125 0.3875 0.4263333328125 0.38975 0.4303333328125 0.39
2 0.48266666718750006 0.352 0.4863333328125 0.355 0.4916666671875 0.356 0.506 0.354 0.515 0.35 0.5213333328124999 0.34550000000000003 0.5273333328125 0.33799999999999997 0.532 0.3225 0.5293333328125 0.3135 0.5236666671875 0.306 0.5096666671875 0.29725 0.496 0.2915 0.48666666718749996 0.29225 0.4743333328125 0.2955 0.46799999999999997 0.2985 0.45899999999999996 0.30674999999999997 0.4523333328125 0.318 0.45133333281250004 0.32599999999999996 0.454 0.33925 0.466 0.34375 0.48266666718750006 0.352
2 0.568 0.40725 0.583 0.40149999999999997 0.6003333328125 0.40225 0.6033333328125 0.40075000000000005 0.611 0.39075000000000004 0.6123333328125 0.37275 0.609 0.368 0.5976666671875 0.35975 0.5833333328125 0.3545 0.5716666671875 0.35375 0.5646666671875 0.35525 0.5553333328125001 0.35975 0.546 0.37 0.5403333328125 0.38 0.5406666671875 0.38849999999999996 0.5473333328125001 0.39625 0.5603333328125 0.40549999999999997 0.568 0.40725
2 0.6116666671875 0.373 0.613 0.386 0.6213333328124999 0.39049999999999996 0.6236666671875 0.39075000000000004 0.6376666671875 0.384 0.6433333328125 0.3825 0.662 0.383 0.6676666671875 0.37525 0.6676666671875 0.369 0.662 0.34900000000000003 0.6576666671875 0.34375 0.6463333328124999 0.33725 0.636 0.33575 0.6226666671875 0.33725 0.599 0.35625 0.5980000000000001 0.35775 0.5993333328125 0.36124999999999996 0.608 0.36724999999999997 0.6116666671875 0.373
2 0.5716666671875 0.35375 0.581 0.35425 0.5913333328125 0.35750000000000004 0.5953333328125 0.35724999999999996 0.6083333328125 0.34825 0.6146666671875 0.33775 0.6106666671875 0.32675 0.605 0.318 0.6013333328125 0.3135 0.5913333328125 0.30775 0.581 0.3075 0.5646666671875 0.3105 0.5476666671875 0.31775000000000003 0.5406666671875 0.325 0.553 0.34375 0.5543333328125 0.35350000000000004 0.5563333328125 0.35750000000000004 0.5716666671875 0.35375
2 0.5096666671875 0.3805 0.5213333328124999 0.37875000000000003 0.538 0.373 0.5483333328125 0.3665 0.553 0.36124999999999996 0.5556666671875 0.3565 0.5523333328125 0.341 0.5486666671875 0.335 0.5416666671875 0.32775 0.533 0.3235 0.5273333328125 0.33799999999999997 0.5206666671875 0.34575 0.5146666671875 0.34975 0.49866666718749997 0.35550000000000004 0.492 0.356 0.48966666718749996 0.358 0.49133333281249997 0.37324999999999997 0.49466666718749996 0.377 0.5023333328125 0.37975 0.5096666671875 0.3805
2 0.43233333281249997 0.346 0.45133333281250004 0.3415 0.45366666718750004 0.33925 0.45099999999999996 0.32675 0.45133333281250004 0.32125 0.45499999999999996 0.3115 0.4646666671875 0.30274999999999996 0.4653333328125 0.29874999999999996 0.44699999999999995 0.294 0.4313333328125 0.29474999999999996 0.41966666718749995 0.30025 0.41100000000000003 0.312 0.41 0.32225000000000004 0.41166666718749995 0.33025000000000004 0.42433333281249996 0.34275 0.43233333281249997 0.346
2 0.4233333328125 0.29674999999999996 0.43499999999999994 0.29275 0.4453333328125 0.2925 0.454 0.294 0.46266666718750005 0.29725 0.46699999999999997 0.29725 0.47533333281249995 0.29225 0.4783333328125 0.28725 0.48 0.27775 0.4773333328125 0.26749999999999996 0.46966666718749994 0.258 0.45866666718750004 0.25275 0.44299999999999995 0.25125000000000003 0.4306666671875 0.25425 0.422 0.25925 0.4113333328125 0.272 0.4106666671875 0.27675 0.4136666671875 0.28725 0.41966666718749995 0.29525 0.4233333328125 0.29674999999999996
2 0.42033333281249996 0.25775000000000003 0.42366666718749996 0.25825 0.4303333328125 0.2545 0.4403333328125 0.2515 0.454 0.25175000000000003 0.46666666718750005 0.2555 0.479 0.244 0.4796666671875 0.23625 0.4763333328125 0.22825 0.46566666718749994 0.21375000000000002 0.45866666718750004 0.21125 0.4453333328125 0.20950000000000002 0.42833333281249997 0.2125 0.4146666671875 0.219 0.40800000000000003 0.2285 0.40433333281249995 0.236 0.4046666671875 0.23975 0.41200000000000003 0.25 0.42033333281249996 0.25775000000000003
2 0.43233333281249997 0.21125 0.441 0.20975000000000002 0.4526666671875 0.20975000000000002 0.4623333328125 0.21175000000000002 0.46566666718749994 0.21075 0.46900000000000003 0.205 0.4693333328125 0.19 0.46666666718750005 0.18375 0.457 0.17575000000000002 0.4443333328125 0.17225 0.4233333328125 0.17099999999999999 0.4143333328125 0.17725 0.4086666671875 0.18425 0.404 0.19325 0.40433333281249995 0.20049999999999998 0.41566666718749995 0.217 0.43233333281249997 0.21125
2 0.4743333328125 0.20299999999999999 0.4926666671875 0.19724999999999998 0.5093333328125 0.19724999999999998 0.519 0.19325 0.5203333328124999 0.19125 0.5196666671875 0.185 0.5156666671875 0.1775 0.5053333328125 0.1675 0.49400000000000005 0.1615 0.48600000000000004 0.1605 0.4783333328125 0.162 0.46266666718750005 0.172 0.4603333328125 0.17475000000000002 0.45933333281250005 0.17775000000000002 0.46299999999999997 0.18025 0.4683333328125 0.187 0.4743333328125 0.20299999999999999
2 0.525 0.24674999999999997 0.5363333328125 0.24874999999999997 0.5523333328125 0.24674999999999997 0.562 0.2415 0.5650000000000001 0.23525000000000001 0.5673333328125 0.2245 0.568 0.2125 0.5643333328125 0.2045 0.5519999999999999 0.19724999999999998 0.5366666671875 0.1955 0.529 0.19275 0.5213333328124999 0.19325 0.49833333281250003 0.20375000000000001 0.49133333281249997 0.21225 0.49133333281249997 0.22325 0.4933333328125 0.2305 0.497 0.236 0.525 0.24674999999999997
2 0.4823333328125 0.28525 0.4853333328125 0.28275 0.492 0.28025 0.505 0.27725 0.5146666671875 0.27725 0.5293333328125 0.28250000000000003 0.5389999999999999 0.27125 0.5396666671875 0.267 0.537 0.26075 0.528 0.2505 0.517 0.24425 0.5016666671875 0.23875000000000002 0.49366666718749996 0.238 0.48333333281249996 0.2415 0.476 0.24925000000000003 0.4723333328125 0.2555 0.471 0.25975000000000004 0.47866666718750006 0.27125 0.4803333328125 0.28300000000000003 0.4823333328125 0.28525
2 0.5796666671875 0.2745 0.5953333328125 0.27749999999999997 0.6073333328125 0.27549999999999997 0.6226666671875 0.26825 0.6373333328124999 0.25175000000000003 0.6383333328125 0.24825 0.635 0.23525000000000001 0.6306666671875 0.229 0.6233333328125 0.22349999999999998 0.5996666671875001 0.21625 0.583 0.22174999999999997 0.5773333328125 0.22525 0.571 0.2325 0.567 0.23500000000000001 0.562 0.24525000000000002 0.5623333328125 0.258 0.5660000000000001 0.26725 0.5716666671875 0.27149999999999996 0.5796666671875 0.2745
2 0.542 0.30225 0.544 0.311 0.5429999999999999 0.31475 0.5446666671875 0.3165 0.5486666671875 0.3165 0.5700000000000001 0.30874999999999997 0.5903333328125 0.3055 0.5946666671874999 0.29525 0.595 0.29 0.5933333328125 0.28450000000000003 0.5873333328125 0.27875 0.5606666671875 0.267 0.5483333328125 0.26825 0.5386666671875 0.27375 0.5306666671875 0.2835 0.532 0.2875 0.5356666671875 0.29075 0.542 0.30225
2 0.5783333328125 0.22075 0.5843333328125 0.221 0.6053333328125 0.21749999999999997 0.623 0.221 0.6286666671875001 0.217 0.628 0.205 0.6246666671875001 0.1915 0.6223333328125 0.188 0.5996666671875001 0.181 0.5873333328125 0.1795 0.5753333328125 0.18325 0.5693333328125 0.18875 0.5690000000000001 0.19325 0.576 0.19975 0.5793333328125 0.20825 0.5783333328125 0.22075
