10 0.426 0.42675 0.4503333328125 0.43775000000000003 0.4663333328125 0.446 0.4996666671875 0.46900000000000003 0.525 0.48250000000000004 0.5736666671874999 0.48925 0.5916666671875 0.48475 0.603014 0.46774899999999997 0.6011366671875 0.448318 0.587995 0.43311124999999995 0.5466926671875 0.413962 0.5027619999999999 0.3996 0.45533333281250005 0.3915 0.4313333328125 0.391 0.41640266718749996 0.3996 0.413 0.41325 0.3923333328125 0.4175 0.388 0.42125 0.3883333328125 0.4245 0.404 0.42325 0.41900000000000004 0.42424999999999996 0.426 0.42675
10 0.4410833328125 0.56293175 0.4862646671875 0.56886175 0.5128086671875 0.5718267499999999 0.6073333328125 0.5855 0.6296666671875 0.5835 0.6523063328125 0.572674 0.662 0.55675 0.6562596671875001 0.53794075 0.6426666671875 0.5269999999999999 0.615 0.51475 0.584 0.51025 0.5556666671875 0.5085 0.4663333328125 0.5157499999999999 0.42000000000000004 0.528 0.4146666671875 0.53075 0.4073333328125 0.53725 0.403 0.54875 0.3986666671875 0.5525 0.3996666671875 0.5535 0.4410833328125 0.56293175
10 0.3003333328125 0.61025 0.3026666671875 0.617 0.31033333281250003 0.6174999999999999 0.3173333328125 0.615 0.34199999999999997 0.62175 0.42000000000000004 0.654 0.48166666718749995 0.67925 0.4943333328125 0.67875 0.5173333328124999 0.673 0.532 0.66175 0.5386666671875 0.6505 0.542 0.63975 0.5406666671875 0.6255 0.533 0.6134999999999999 0.5293333328125 0.61225 0.52 0.60225 0.5066666671875 0.59375 0.4893333328125 0.58675 0.4143333328125 0.5650000000000001 0.3383333328125 0.5475 0.304425 0.55690725 0.2793333328125 0.54525 0.27232466718750004 0.54870575 0.2684443328125 0.5539970000000001 0.28325999999999996 0.56934175 0.2719716671875 0.58151175 0.2803333328125 0.59525 0.3003333328125 0.61025
10 0.4152443328125 0.50583625 0.4253533328125 0.51400125 0.44272 0.5213885 0.4663333328125 0.51525 0.5176666671875 0.5105000000000001 0.5496666671875 0.5085 0.587 0.51 0.5993333328125 0.5095 0.6 0.50175 0.5836666671875 0.4915 0.49637533281249996 0.47900875000000004 0.45827233281249996 0.474343 0.4339073328125 0.474343 0.419651 0.4784255 0.40599999999999997 0.47350000000000003 0.3973333328125 0.47175 0.39 0.47350000000000003 0.389 0.47474999999999995 0.391 0.47850000000000004 0.4087643328125 0.48950649999999996 0.4152443328125 0.50583625
10 0.4352993328125 0.69090725 0.43899999999999995 0.69425 0.48200000000000004 0.69275 0.4853333328125 0.6895 0.48266666718750006 0.6849999999999999 0.461 0.67425 0.4556666671875 0.671 0.393 0.64525 0.3803333328125 0.64 0.3503333328125 0.62825 0.3227576671875 0.6196947500000001 0.3026666671875 0.6207499999999999 0.2596666671875 0.629 0.2496666671875 0.633 0.2416666671875 0.63875 0.22999999999999998 0.6487499999999999 0.225 0.6575 0.22400000000000003 0.66875 0.2323333328125 0.6917500000000001 0.4280666671875 0.6900000000000001 0.4352993328125 0.69090725
10 0.0314736671875 0.43236625 0.039840332812500004 0.44133025000000004 0.062150667187499994 0.44521475 0.1155366671875 0.4440195 0.1641416671875 0.45059325 0.1936236671875 0.45358124999999994 0.2013333328125 0.446 0.211 0.39175 0.1926666671875 0.384 0.1826666671875 0.382 0.1546666671875 0.38125 0.12166666718750001 0.3845 0.0996666671875 0.38775 0.0643333328125 0.396 0.0416666671875 0.40650000000000003 0.0318723328125 0.41413925 0.024701 0.4213105 0.014741 0.42250575 0.012749 0.42848175 0.0314736671875 0.43236625
10 0.06 0.51775 0.096 0.519 0.127 0.51625 0.1893333328125 0.51 0.1988026671875 0.45388 0.1418313328125 0.44820275 0.0916326671875 0.46284400000000003 0.06 0.47050000000000003 0.033 0.47350000000000003 0.023904 0.48346125000000006 0.0015936671875 0.48525425 0.0 0.49175 0.020717 0.49989549999999994 0.0262946671875 0.51364025 0.06 0.51775
10 0.1015926671875 0.5620462500000001 0.16055633281249998 0.5620462500000001 0.1776666671875 0.56125 0.187249 0.53186725 0.187 0.52925 0.1884443328125 0.512744 0.1302776671875 0.5190187500000001 0.095 0.5225 0.0486666671875 0.53 0.024666667187499998 0.53625 0.0023333328125 0.5555 0.0023333328125 0.55975 0.0056666671875 0.5645 0.020999999999999998 0.57225 0.1015926671875 0.5620462500000001
10 0.1362536671875 0.6116472500000001 0.15418166718749998 0.5967072499999999 0.15099466718750001 0.5826635 0.16772733281250002 0.57041275 0.1596666671875 0.56425 0.1146666671875 0.56175 0.0176666671875 0.575 0.0053333328125 0.57925 0.0 0.58175 0.00039833281250000005 0.64780225 0.0681266671875 0.6331610000000001 0.1362536671875 0.6116472500000001
0 0.5753333328125 0.861 0.5833333328125 0.8619999999999999 0.6083333328125 0.8619999999999999 0.6413333328124999 0.85975 0.6493333328124999 0.85625 0.6553333328125001 0.85025 0.6603333328125001 0.826 0.6603333328125001 0.8164999999999999 0.6556666671875 0.80575 0.648 0.7985 0.5893333328125 0.79825 0.5526666671875 0.79975 0.5506666671875 0.8019999999999999 0.5566666671875 0.83375 0.5616666671874999 0.84575 0.5693333328125 0.8574999999999999 0.5753333328125 0.861
0 0.6736666671875 0.858 0.6866666671874999 0.85975 0.7056666671875 0.85925 0.7190000000000001 0.85725 0.725 0.8545 0.7333333328125 0.8480000000000001 0.7416666671875001 0.8380000000000001 0.753 0.83025 0.7443333328125 0.8252499999999999 0.7356666671875 0.8164999999999999 0.7333333328125 0.80475 0.7293333328125 0.79875 0.7173333328125 0.7975 0.665 0.7985 0.6606666671875 0.8 0.6586666671875 0.8039999999999999 0.6606666671875 0.8140000000000001 0.6613333328125 0.8327500000000001 0.6653333328125 0.8487500000000001 0.6736666671875 0.858
0 0.7516666671875 0.82975 0.7743333328124999 0.83475 0.7916666671875 0.8352499999999999 0.8044443328125 0.8320000000000001 0.8143333328125 0.8317500000000001 0.8296666671875 0.829 0.8366666671875 0.825 0.8436666671875 0.8125 0.8516666671875001 0.80975 0.859 0.8089999999999999 0.8603333328125 0.8067500000000001 0.858 0.79875 0.8513333328125 0.79575 0.8243333328125001 0.79575 0.8163333328125001 0.79425 0.7433333328125 0.7965 0.734 0.7985 0.7366666671875 0.8039999999999999 0.7356666671875 0.8147500000000001 0.74 0.8215 0.7516666671875 0.82975
0 0.788 0.8612500000000001 0.7943333328125 0.8622500000000001 0.858 0.8622500000000001 0.8743333328125 0.8605 0.8806666671875 0.857 0.8833333328125 0.8467499999999999 0.8833333328125 0.8404999999999999 0.8779999999999999 0.81925 0.8710000000000001 0.8109999999999999 0.8576666671875 0.80525 0.8416666671874999 0.8092499999999999 0.8390000000000001 0.8195 0.8326666671874999 0.8255000000000001 0.8150000000000001 0.8307499999999999 0.8033333328125 0.83125 0.786 0.8345 0.7743333328124999 0.834 0.7713333328124999 0.8352499999999999 0.773 0.8460000000000001 0.7766666671875 0.8532500000000001 0.782 0.8595 0.788 0.8612500000000001
0 0.11299999999999999 0.9057499999999999 0.1233333328125 0.9057499999999999 0.1393333328125 0.9037499999999999 0.1646666671875 0.8952500000000001 0.1766666671875 0.8887499999999999 0.182 0.881 0.1813333328125 0.8705 0.1893333328125 0.867 0.1923333328125 0.861 0.193 0.8402499999999999 0.1893333328125 0.834 0.1796666671875 0.82725 0.17633333281250002 0.8227499999999999 0.16899999999999998 0.8182499999999999 0.1583333328125 0.81525 0.1306666671875 0.8135 0.119 0.818 0.10900000000000001 0.8244999999999999 0.10333333281249998 0.8247500000000001 0.0956666671875 0.82825 0.093 0.83125 0.0893333328125 0.8387499999999999 0.0893333328125 0.8574999999999999 0.0846666671875 0.8712500000000001 0.0853333328125 0.8885 0.0893333328125 0.8967499999999999 0.0956666671875 0.9015000000000001 0.11299999999999999 0.9057499999999999
0 0.0 0.885483 0.027630667187500003 0.8831262499999999 0.0406666671875 0.8804830000000001 0.053666667187499996 0.8712329999999999 0.064 0.859483 0.0646666671875 0.8492330000000001 0.0643333328125 0.8322329999999999 0.0556666671875 0.8197329999999999 0.041999999999999996 0.8099830000000001 0.0293333328125 0.805233 0.024666667187499998 0.805233 0.0075153328125 0.8086895000000001 0.0 0.8111762499999999 0.0 0.8172330000000001 0.0 0.885483
