0 0.4067985 0.7764626671875 0.4305485 0.812796 0.4342985 0.8204626671874999 0.44729850000000004 0.837796 0.4547985 0.844796 0.46254850000000003 0.8491293328125 0.4702985 0.8511293328124999 0.4772985 0.8504626671875 0.4895485 0.845796 0.49779850000000003 0.8534626671875 0.5092985 0.860796 0.5217984999999999 0.861796 0.5330485 0.8591293328124999 0.5417985 0.852796 0.5520484999999999 0.8411293328125 0.5622985 0.8254626671875 0.5695485 0.8014626671875 0.5737985 0.7751293328125 0.5770485 0.7454626671875 0.5767985 0.714796 0.5725485 0.6951293328125 0.5677985 0.680796 0.5600485 0.6454626671875 0.5545485 0.626796 0.5470485 0.6131293328125 0.5387985 0.6024626671875 0.5335485 0.5981293328125 0.5160485 0.592796 0.49129849999999997 0.5891293328125 0.48247925 0.5906373328125001 0.47905300000000006 0.5686026671875 0.47199925 0.5618846671875 0.46454224999999993 0.5608096671875 0.4587985 0.563796 0.45245024999999994 0.5723646671875 0.44983025000000004 0.582307 0.451241 0.5954740000000001 0.45426399999999995 0.6046103328125 0.4310485 0.6454626671875 0.41729849999999996 0.647796 0.4067985 0.6614626671875 0.39804849999999997 0.684796 0.39404849999999997 0.7101293328125 0.39404849999999997 0.723796 0.3962985 0.7391293328125 0.40004850000000003 0.7561293328125 0.4067985 0.7764626671875
7 0.162 0.7512966671875 0.17225 0.7542966671875 0.1825 0.8019633328125 0.1895 0.8169633328125 0.20425 0.8332966671875001 0.21625 0.84063 0.2325 0.8342966671875001 0.24842625 0.82 0.26161225 0.7869466671875001 0.29958825 0.7841336671875 0.31541175 0.7475643328125 0.33861925 0.7503773328125 0.35 0.7409633328125 0.35724999999999996 0.7332966671875 0.36124999999999996 0.7269633328125 0.3635 0.7199633328124999 0.36425 0.7119633328125 0.3645 0.6999633328125 0.36324999999999996 0.6889633328125 0.35724999999999996 0.6739633328125 0.352 0.6676300000000001 0.343 0.6519633328125 0.3355 0.6337966671874999 0.33925 0.6062966671875001 0.33849999999999997 0.5909633328125 0.33375 0.5552966671874999 0.32799999999999996 0.5322966671875 0.32599999999999996 0.5189633328125 0.31825000000000003 0.48963 0.3105 0.46263 0.301 0.43863 0.29075 0.4229633328125 0.27349999999999997 0.40263 0.27149999999999996 0.4009633328125 0.267 0.4009633328125 0.26175000000000004 0.40363 0.25875 0.40763 0.2555 0.4222966671875 0.2565 0.44462999999999997 0.2653045 0.516192 0.2558105 0.519005 0.2435 0.4499633328125 0.23775 0.43163 0.2285 0.41829666718749997 0.225 0.41096333281249997 0.21549999999999997 0.4072966671875 0.21275 0.40862999999999994 0.20825 0.4152966671875 0.19975 0.43762999999999996 0.19624999999999998 0.45629666718750006 0.1965 0.48762999999999995 0.19875 0.5214633328125 0.1955 0.5279633328125 0.189 0.5259633328125 0.17375000000000002 0.53163 0.162 0.5492966671875 0.155 0.5716300000000001 0.15 0.59463 0.14575 0.6252966671875 0.14225000000000002 0.6756300000000001 0.14350000000000002 0.7082966671875 0.15 0.73363 0.15775 0.74763 0.162 0.7512966671875
2 0.5775 0.6976666671875 0.588 0.7113333328125 0.5972500000000001 0.7206666671875 0.615 0.7276666671875 0.645 0.7296666671875001 0.654 0.7286666671875001 0.68175 0.7163333328125 0.70225 0.6896666671875 0.7112499999999999 0.6623333328125 0.7122499999999999 0.6446666671875 0.7095 0.6253333328124999 0.7032499999999999 0.5996666671875001 0.6980000000000001 0.5856666671874999 0.6865 0.5683333328125 0.67275 0.5513333328125001 0.662 0.5433333328125001 0.65225 0.5389999999999999 0.6415 0.5363333328125 0.61775 0.537 0.603 0.5403333328125 0.5902499999999999 0.5466666671875 0.5755 0.5633333328125001 0.56425 0.5803333328125 0.5582499999999999 0.5943333328125 0.5535 0.6106666671875 0.553 0.6196666671875 0.5660000000000001 0.6733333328125 0.57225 0.6883333328125001 0.5775 0.6976666671875
9 0.73225 0.8276666671875 0.75925 0.7946666671875 0.8455 0.6233333328125 0.861 0.5823333328125 0.8755000000000001 0.5293333328125 0.8805 0.5053333328125 0.88375 0.4766666671875 0.8835000000000001 0.47066666718750005 0.8792500000000001 0.454 0.8702500000000001 0.43566666718749997 0.865 0.429 0.8542500000000001 0.4216666671875 0.84925 0.42000000000000004 0.8435 0.4186666671875 0.833 0.41966666718749995 0.826 0.422 0.8175000000000001 0.42766666718749996 0.8119999999999999 0.433 0.8025 0.44666666718750003 0.7915 0.4703333328125 0.6950000000000001 0.713 0.68825 0.7333333328125 0.68625 0.7433333328125 0.6855 0.807 0.688 0.8099999999999999 0.705 0.8193333328125 0.73225 0.8276666671875
6 0.6627810000000001 0.5421683328125 0.69224675 0.5730743328125001 0.70875 0.6123333328125 0.72075 0.6113333328125 0.732 0.601 0.7457499999999999 0.584 0.7635 0.5433333328125001 0.77025 0.5253333328124999 0.772 0.5153333328125 0.7735719999999999 0.5007853328125 0.7649287499999999 0.482975 0.74999925 0.4772126671875 0.73475 0.43899999999999995 0.7205 0.41966666718749995 0.6855 0.39 0.67375 0.3876666671875 0.65531625 0.391828 0.63 0.3846666671875 0.61075 0.3916666671875 0.593635 0.413305 0.5835 0.47766666718749995 0.5832499999999999 0.4823333328125 0.59475 0.541 0.631351 0.5358823328125 0.6627810000000001 0.5421683328125
5 0.75225 0.48 0.76283325 0.485111 0.7645 0.49000000000000005 0.77 0.49800000000000005 0.77125 0.5036666671875001 0.77525 0.508 0.78075 0.499 0.79125 0.466 0.78975 0.4483333328125 0.787 0.43933333281250003 0.77225 0.42366666718749996 0.7635 0.4176666671875 0.7474999999999999 0.414 0.72775 0.42133333281249996 0.7245 0.42400000000000004 0.7245 0.42800000000000005 0.73175 0.43333333281249997 0.748 0.4743333328125 0.75225 0.48
8 0.3378045 0.5080043328125 0.33775 0.5173333328124999 0.3415 0.5213333328124999 0.3473485 0.5237436671875 0.35664125 0.5368036671875 0.35488325 0.544171 0.34950000000000003 0.5726666671875 0.34425 0.584 0.3445 0.6033333328125 0.373 0.6263333328125 0.39249999999999996 0.6346666671875 0.41776225 0.6458396671875 0.43118350000000005 0.6448636671875 0.43674999999999997 0.6346666671875 0.438748 0.6266436671875 0.45275 0.607 0.45225 0.5956666671875 0.44875299999999996 0.5794663328125 0.45753750000000004 0.5658013328125 0.46559025 0.5605953328125 0.47901150000000003 0.5667773328125 0.48218375 0.5889016671875 0.514 0.5916666671875 0.533 0.5963333328125 0.546361 0.608098 0.562 0.5796666671875 0.5745 0.5623333328125 0.5862499999999999 0.549 0.5902845 0.5417246671875 0.589 0.5173333328124999 0.581 0.483 0.583 0.46666666718750005 0.5780000000000001 0.44733333281250004 0.55525 0.41733333281249996 0.55 0.399 0.53025 0.36866666718749996 0.526 0.3586666671875 0.52175 0.355 0.49874999999999997 0.3463333328125 0.45875000000000005 0.3526666671875 0.44525 0.36266666718749996 0.4345 0.3673333328125 0.42800000000000005 0.37933333281250003 0.394 0.40033333281249994 0.38275000000000003 0.4136666671875 0.369 0.4403333328125 0.36475 0.46166666718749994 0.365 0.478619 0.35575 0.499 0.3378045 0.5080043328125
1 0.627 0.343 0.6285000000000001 0.3496666671875 0.628 0.365 0.6255 0.368 0.62425 0.3723333328125 0.6247499999999999 0.381 0.6335 0.38166666718750003 0.6465 0.3886666671875 0.6535 0.3903333328125 0.6585 0.39 0.66925 0.3846666671875 0.67525 0.3856666671875 0.68125 0.389 0.6849999999999999 0.388 0.69475 0.395 0.70125 0.4033333328125 0.705 0.4056666671875 0.706 0.40433333281249995 0.70875 0.3923333328125 0.7105 0.37 0.71025 0.357 0.70875 0.3453333328125 0.70525 0.3363333328125 0.6990000000000001 0.32599999999999996 0.69325 0.32166666718750003 0.6815 0.318 0.66925 0.31766666718750003 0.658 0.3203333328125 0.64175 0.3283333328125 0.63125 0.325 0.62275 0.3246666671875 0.619 0.32599999999999996 0.61525 0.32966666718750004 0.61225 0.33366666718750004 0.6132500000000001 0.3416666671875 0.6247499999999999 0.3406666671875 0.627 0.343
1 0.59175 0.3723333328125 0.59525 0.3803333328125 0.60325 0.3913333328125 0.614 0.3846666671875 0.6174999999999999 0.3763333328125 0.621 0.3743333328125 0.627 0.365 0.62725 0.34900000000000003 0.62625 0.3453333328125 0.62175 0.343 0.61875 0.343 0.61625 0.34500000000000003 0.609 0.341 0.6115 0.33366666718750004 0.61383325 0.33055566718749996 0.623 0.3233333328125 0.627 0.3233333328125 0.62775 0.322 0.62675 0.3183333328125 0.615 0.301 0.6115 0.2976666671875 0.604 0.2943333328125 0.5872499999999999 0.2936666671875 0.57925 0.29533333281249996 0.57175 0.2996666671875 0.5645 0.3066666671875 0.55925 0.314 0.55275 0.32999999999999996 0.5507500000000001 0.33999999999999997 0.55025 0.3456666671875 0.5515 0.34700000000000003 0.587 0.3673333328125 0.59175 0.3723333328125
10 0.52725 0.3613333328125 0.53175 0.37066666718749997 0.542 0.3846666671875 0.544 0.3923333328125 0.5485 0.3936666671875 0.5505 0.3966666671875 0.55275 0.41 0.5549999999999999 0.41566666718749995 0.572 0.4386666671875 0.57725 0.44066666718749997 0.5785 0.4346666671875 0.58275 0.4326666671875 0.58775 0.43566666718749997 0.5912499999999999 0.4216666671875 0.6025 0.3936666671875 0.5925 0.373 0.58425 0.3656666671875 0.56025 0.3516666671875 0.52525 0.33799999999999997 0.513 0.3366666671875 0.50075 0.3416666671875 0.49974999999999997 0.3456666671875 0.50575 0.3483333328125 0.50825 0.348 0.52725 0.3613333328125
0 0.4400585 0.36391433281249996 0.4618365 0.3503423328125 0.48624999999999996 0.3526666671875 0.49400000000000005 0.3453333328125 0.49375 0.3416666671875 0.49000000000000005 0.33399999999999996 0.47400000000000003 0.32166666718750003 0.46075 0.32 0.4535 0.322 0.44775 0.3186666671875 0.4445 0.314 0.44225000000000003 0.313 0.43174999999999997 0.3116666671875 0.42400000000000004 0.313 0.4085 0.322 0.40025000000000005 0.33399999999999996 0.39875 0.3396666671875 0.39249999999999996 0.3433333328125 0.39025 0.3463333328125 0.38075000000000003 0.3633333328125 0.37725 0.379 0.37775 0.40033333281249994 0.38075000000000003 0.4126666671875 0.42632875 0.3812736671875 0.4400585 0.36391433281249996
