7 0.055333332812500004 0.265 0.06 0.272 0.0653333328125 0.28616674999999997 0.064 0.29275 0.060333332812499994 0.29425 0.060333332812499994 0.30775 0.0646666671875 0.31775000000000003 0.0803333328125 0.33199999999999996 0.0956666671875 0.33625 0.1953333328125 0.35150000000000003 0.2213333328125 0.358 0.25666666718750003 0.3585 0.2646666671875 0.35750000000000004 0.2676666671875 0.35375 0.2663333328125 0.341 0.2706666671875 0.33275 0.2833333328125 0.31675 0.29333333281249996 0.3105 0.2976666671875 0.301 0.3043333328125 0.29474999999999996 0.3136666671875 0.27999999999999997 0.3193333328125 0.27625 0.337 0.26949999999999996 0.367 0.26749999999999996 0.38133333281250004 0.26925 0.388 0.26775000000000004 0.3926666671875 0.2645 0.399 0.2445 0.4023333328125 0.22275 0.40133333281250005 0.205 0.3976666671875 0.19524999999999998 0.3973333328125 0.18925 0.40700000000000003 0.17024999999999998 0.4146666671875 0.15075 0.42133333281249996 0.12275 0.41966666718749995 0.10149999999999999 0.41600000000000004 0.0865 0.41200000000000003 0.07725 0.40766666718750005 0.0755 0.4016666671875 0.07075000000000001 0.3926666671875 0.06949999999999999 0.386 0.07225000000000001 0.3776666671875 0.07775 0.3653333328125 0.089 0.3576666671875 0.08725000000000001 0.36066666718749996 0.0605 0.3573333328125 0.0295 0.3493333328125 0.022 0.34199999999999997 0.01825 0.33366666718750004 0.0195 0.316 0.028749999999999998 0.302 0.040749999999999995 0.2956666671875 0.04875 0.2893333328125 0.061 0.28300000000000003 0.06825 0.267 0.0975 0.24666666718750002 0.0915 0.2476666671875 0.08349999999999999 0.24533333281249997 0.08025 0.23866666718750001 0.076 0.2323333328125 0.074 0.22433333281249998 0.07325000000000001 0.20633333281250002 0.076 0.1893333328125 0.08375 0.17366666718749998 0.096 0.154 0.11875 0.13899999999999998 0.13874999999999998 0.13633333281249999 0.14450000000000002 0.1306666671875 0.15 0.1183333328125 0.17124999999999999 0.11499999999999999 0.17375000000000002 0.10600000000000001 0.188 0.081 0.21549999999999997 0.0723333328125 0.21800000000000003 0.06833333281250001 0.21725 0.043 0.22125 0.040999999999999995 0.22075 0.038333332812499996 0.223 0.028000000000000004 0.227 0.0273333328125 0.2325 0.033 0.2415 0.0413333328125 0.25175000000000003 0.055333332812500004 0.265
8 0.2676666671875 0.42824999999999996 0.2696666671875 0.433 0.2833333328125 0.45 0.2876666671875 0.46275000000000005 0.307 0.48 0.3163333328125 0.48224999999999996 0.3383333328125 0.49050000000000005 0.3416666671875 0.4955 0.3456666671875 0.49824999999999997 0.3513333328125 0.4995 0.3803333328125 0.512 0.3846666671875 0.513 0.3976666671875 0.51275 0.41566666718749995 0.5165 0.43200000000000005 0.51725 0.43899999999999995 0.5155000000000001 0.45466666718750004 0.50525 0.45933333281250005 0.5042500000000001 0.471 0.516 0.4676666671875 0.5215 0.46799999999999997 0.52525 0.4703333328125 0.5277499999999999 0.4723333328125 0.5275000000000001 0.4783333328125 0.53025 0.4823333328125 0.53525 0.484 0.53425 0.491 0.5345 0.49400000000000005 0.53725 0.49833333281250003 0.5337500000000001 0.5313333328125001 0.5175 0.545411 0.51310425 0.5354336671875 0.49279400000000007 0.546836 0.48317325 0.5591886671874999 0.48566750000000003 0.5781926671875001 0.46606975000000006 0.5729663328125 0.4525295 0.6146666671875 0.434 0.6193333328125 0.43200000000000005 0.6153333328125 0.42374999999999996 0.613 0.42275 0.594821 0.40585125 0.580568 0.3951615 0.5957709999999999 0.37164425 0.5526666671875 0.3055 0.5486666671875 0.3005 0.47066666718750005 0.2725 0.4486666671875 0.26725 0.44666666718750003 0.265 0.4303333328125 0.265 0.40800000000000003 0.26725 0.3926666671875 0.2705 0.348 0.2705 0.324 0.27525 0.3136666671875 0.28325 0.3083333328125 0.29100000000000004 0.28300000000000003 0.3185 0.271 0.33475 0.2683333328125 0.3415 0.2666666671875 0.40625 0.2666666671875 0.413 0.2686666671875 0.4185 0.2676666671875 0.42824999999999996
0 0.6146666671875 0.40800000000000003 0.6226666671875 0.41550000000000004 0.635 0.42175 0.658 0.43075 0.6769999999999999 0.4335 0.6943333328125 0.4335 0.7083333328125 0.4305 0.7226666671875 0.42525 0.7476666671875 0.42175 0.7633333328125 0.41600000000000004 0.772 0.41025 0.792 0.39275000000000004 0.7986666671875 0.38225 0.7996666671875 0.369 0.7973333328125001 0.36124999999999996 0.7923333328125 0.354 0.7986666671875 0.34550000000000003 0.8026666671875 0.33675 0.8033333328125 0.3275 0.8013333328125001 0.3185 0.7956666671875 0.31025 0.771 0.2935 0.764 0.28975 0.748 0.28425 0.7386666671875 0.28375 0.725 0.286 0.7076666671875 0.29275 0.7006666671875 0.28325 0.6950000000000001 0.27875 0.6896666671875 0.27675 0.6773333328125 0.27525 0.6559999999999999 0.27925 0.6346666671875 0.28700000000000003 0.6226666671875 0.2935 0.6113333328125 0.3025 0.5933333328125 0.32275 0.5916666671875 0.3265 0.5996666671875001 0.34199999999999997 0.6063333328125 0.393 0.6146666671875 0.40800000000000003
10 0.642 0.54625 0.6503333328124999 0.5509999999999999 0.673 0.5582499999999999 0.6843333328125001 0.5605 0.7076666671875 0.55925 0.7403333328125 0.55425 0.7636666671875 0.54325 0.8143333328125 0.5125 0.8596666671875001 0.4665 0.865 0.45899999999999996 0.8696666671875001 0.44749999999999995 0.8754266671875 0.429787 0.8683283328125 0.41097725 0.8896226671875 0.39252224999999996 0.8846666671875001 0.385 0.8816666671875 0.385 0.848454 0.40174975 0.816276 0.39855575 0.7826666671875 0.40525 0.7561793328124999 0.418785 0.708 0.43150000000000005 0.6423333328124999 0.4605 0.6253333328124999 0.47850000000000004 0.6203333328125 0.49024999999999996 0.619 0.49775 0.6186666671875 0.50475 0.6213333328124999 0.5175 0.6296666671875 0.53425 0.642 0.54625
1 0.829 0.5605 0.8453333328125 0.5705 0.8613333328125 0.5782499999999999 0.8843333328125 0.5825 0.9036666671875 0.583 0.9196666671875 0.58075 0.9380000000000001 0.57625 0.9516666671875 0.56825 0.961 0.56025 0.9706666671875 0.54425 0.9706666671875 0.5245 0.9640000000000001 0.51125 0.9563333328124999 0.50175 0.9433333328125 0.4915 0.9343333328125001 0.48624999999999996 0.9189999999999999 0.48 0.9036666671875 0.4765 0.8846666671875001 0.4755 0.868 0.4765 0.8573333328125001 0.47874999999999995 0.843 0.48425 0.8256666671874999 0.50075 0.8163333328125001 0.51375 0.8133333328125 0.52175 0.8130000000000001 0.529 0.8176666671874999 0.54525 0.8220000000000001 0.55275 0.829 0.5605
0 0.10533333281249999 0.51375 0.10466666718749999 0.51725 0.0993333328125 0.525 0.09733333281249999 0.5325 0.0976666671875 0.541 0.10266666718749999 0.553 0.11100000000000002 0.563 0.1273333328125 0.575 0.146 0.58175 0.1576666671875 0.58475 0.1686666671875 0.5860000000000001 0.19 0.5860000000000001 0.20800000000000002 0.5825 0.23500000000000001 0.575 0.264 0.57125 0.2876666671875 0.562 0.2963333328125 0.55575 0.3043333328125 0.5475 0.3116666671875 0.53675 0.3166666671875 0.5235000000000001 0.3173333328125 0.5077499999999999 0.31233333281250003 0.49325 0.307 0.48475 0.2923333328125 0.46950000000000003 0.2803333328125 0.46025 0.272 0.45625 0.255 0.45149999999999996 0.2396666671875 0.43899999999999995 0.22400000000000003 0.43075 0.1983333328125 0.42625 0.1913333328125 0.426 0.17333333281250002 0.42699999999999994 0.1586666671875 0.43 0.1346666671875 0.43925000000000003 0.1116666671875 0.4525 0.10133333281250001 0.46275000000000005 0.092 0.47800000000000004 0.0903333328125 0.48224999999999996 0.0926666671875 0.49775 0.09733333281249999 0.5055 0.10533333281249999 0.51375
2 0.2756666671875 0.66925 0.2876666671875 0.6797500000000001 0.298 0.68675 0.314 0.69375 0.3333333328125 0.69875 0.35 0.6985 0.37266666718749997 0.6952499999999999 0.40433333281249995 0.68525 0.41600000000000004 0.67875 0.42833333281249997 0.66875 0.4403333328125 0.6525000000000001 0.4443333328125 0.6445000000000001 0.44699999999999995 0.631 0.4446666671875 0.60775 0.4373333328125 0.591 0.4303333328125 0.58 0.4226666671875 0.572 0.4073333328125 0.5599999999999999 0.389 0.55175 0.37066666718749997 0.54725 0.3456666671875 0.54625 0.337 0.54775 0.313 0.55525 0.2963333328125 0.56375 0.27599999999999997 0.57925 0.2636666671875 0.59175 0.2596666671875 0.59925 0.257 0.61075 0.25666666718750003 0.61975 0.2596666671875 0.6435 0.2673333328125 0.6587500000000001 0.2756666671875 0.66925
5 0.6103333328125 0.78925 0.6193333328125 0.7935 0.6343333328125 0.79725 0.655 0.8002499999999999 0.662 0.79975 0.6786666671875 0.795 0.6980000000000001 0.784 0.7023333328125 0.77925 0.7113333328125 0.763 0.7136666671875 0.7537499999999999 0.714 0.744 0.708 0.72825 0.692 0.7105 0.6799999999999999 0.7030000000000001 0.6636666671875 0.69725 0.6473333328125 0.69475 0.6353333328125 0.69575 0.6233333328125 0.6980000000000001 0.6076666671875001 0.70475 0.5916666671875 0.7190000000000001 0.585 0.728 0.583 0.73575 0.5820000000000001 0.7525000000000001 0.5873333328125 0.76325 0.5983333328125 0.7795 0.6103333328125 0.78925
9 0.3416666671875 0.798 0.45499999999999996 0.8484999999999999 0.5283333328125 0.8772500000000001 0.5906666671874999 0.893 0.6456666671875 0.90025 0.6786666671875 0.899 0.6896666671875 0.89725 0.701 0.8925000000000001 0.7056666671875 0.889 0.712 0.8805 0.7166666671875 0.8695 0.7176666671875 0.861 0.7096666671875 0.83775 0.7013333328125 0.8285 0.6713333328125 0.81075 0.5986666671875 0.7855000000000001 0.28300000000000003 0.68475 0.22833333281249998 0.68125 0.2033333328125 0.69325 0.197 0.70875 0.197 0.7125 0.23566666718749998 0.743 0.3416666671875 0.798
1 0.782 0.70475 0.8066666671875 0.7255 0.8230000000000001 0.7344999999999999 0.8433333328125 0.7422500000000001 0.881 0.7434999999999999 0.9006666671874999 0.74025 0.9199999999999999 0.7325 0.932 0.72425 0.9373333328125 0.7162499999999999 0.9393333328125 0.71075 0.9406666671874999 0.6935 0.9396666671875 0.6799999999999999 0.9353333328125 0.66625 0.9283333328125 0.65575 0.9196666671875 0.64825 0.9039999999999999 0.63875 0.877 0.6285000000000001 0.865 0.629 0.8586666671875 0.6252500000000001 0.853 0.6212500000000001 0.8453333328125 0.606 0.8413333328125001 0.606 0.8380000000000001 0.60775 0.818 0.632 0.8143333328125 0.6325000000000001 0.8103333328125 0.63575 0.799 0.641 0.7883333328125001 0.6497499999999999 0.7826666671875 0.65625 0.7773333328125 0.66625 0.775 0.6735 0.775 0.6865 0.778 0.69725 0.782 0.70475
6 0.45533333281250005 0.693 0.4703333328125 0.71675 0.4783333328125 0.7235 0.489 0.7292500000000001 0.5046666671875 0.7535000000000001 0.5143333328125 0.75975 0.5286666671875 0.76375 0.5486666671875 0.76525 0.5613333328125 0.76075 0.5703333328125 0.7595 0.5806666671875 0.7485 0.5806666671875 0.73975 0.583 0.72975 0.5913333328125 0.71675 0.6003333328125 0.71275 0.6046666671875001 0.70575 0.6243333328125 0.6975 0.626 0.6955 0.6393333328125 0.6935 0.6543333328125 0.69475 0.6776666671875 0.70125 0.6853333328125 0.70575 0.6926666671875 0.708 0.7073333328125 0.71025 0.7283333328125 0.7110000000000001 0.733 0.7085 0.7403333328125 0.70075 0.7486666671875 0.6849999999999999 0.7496666671875001 0.6695 0.7486666671875 0.6655 0.744 0.6605000000000001 0.7396666671875 0.6575 0.732 0.6555 0.721 0.6545 0.7013333328125 0.647 0.6973333328125 0.64425 0.6916666671875 0.636 0.6963333328125 0.625 0.7036666671875 0.615 0.7036666671875 0.6094999999999999 0.7023333328125 0.5995 0.6903333328125 0.57725 0.6813333328125 0.571 0.6656666671875 0.56325 0.647 0.5605 0.6373333328124999 0.563 0.6046666671875001 0.5509999999999999 0.5956666671875 0.5465 0.5756666671875 0.5445 0.561 0.5469999999999999 0.502 0.57125 0.4683333328125 0.592 0.4566666671875 0.6075 0.4503333328125 0.622 0.4493333328125 0.63625 0.4526666671875 0.6527499999999999 0.45199999999999996 0.67775 0.45533333281250005 0.693
