0 0.90525 0.6133333328125 0.9164999999999999 0.615 0.9395 0.6096666671875 0.945 0.6066666671875 0.9480000000000001 0.6033333328125 0.9490000000000001 0.6 0.95 0.5876666671875 0.9475 0.5783333328125 0.9355 0.5589999999999999 0.9279999999999999 0.554 0.9199999999999999 0.5516666671875 0.8952500000000001 0.5623333328125 0.8925000000000001 0.564 0.88575 0.5746666671875 0.8867499999999999 0.5963333328125 0.88925 0.6033333328125 0.8949999999999999 0.6086666671875001 0.90525 0.6133333328125
0 0.933836 0.5575140000000001 0.95225 0.5883333328125 0.95525 0.589 0.95875 0.5860000000000001 0.9635 0.5703333328125 0.96775 0.564 0.9695 0.549 0.96675 0.5413333328125 0.9602499999999999 0.5383333328125001 0.9555 0.5276666671875 0.9477499999999999 0.524 0.9359999999999999 0.5256666671875 0.92875 0.5296666671875 0.921 0.5406666671875 0.9179999999999999 0.5486666671875 0.9189999999999999 0.5509999999999999 0.921 0.5516666671875 0.933836 0.5575140000000001
0 0.6559999999999999 0.5803333328125 0.658 0.584 0.66525 0.5866666671874999 0.674 0.5846666671875 0.6815 0.579 0.69275 0.5636666671875 0.69725 0.5526666671875 0.6945 0.5386666671875 0.6917500000000001 0.5309999999999999 0.6799999999999999 0.5186666671875 0.6719999999999999 0.5153333328125 0.66225 0.5166666671875 0.655 0.523 0.6475 0.5376666671875 0.64525 0.5513333328125001 0.645 0.5683333328125 0.64625 0.5726666671875 0.649 0.576 0.6559999999999999 0.5803333328125
0 0.7384999999999999 0.6033333328125 0.744 0.6076666671875001 0.75225 0.608 0.76425 0.6016666671875 0.77 0.5913333328125 0.7737499999999999 0.576 0.7735000000000001 0.567 0.7715 0.5603333328125 0.76525 0.5543333328125 0.76025 0.5416666671875 0.756 0.5386666671875 0.747 0.5376666671875 0.7415 0.54 0.7344999999999999 0.546 0.7235 0.5633333328125001 0.72 0.5763333328125 0.7212500000000001 0.5846666671875 0.727 0.5993333328125 0.7384999999999999 0.6033333328125
0 0.845 0.599 0.84975 0.587 0.85025 0.558 0.843 0.5483333328125 0.83775 0.5453333328125 0.82175 0.5443333328125 0.8119999999999999 0.5493333328125 0.8105 0.5486666671875 0.8002499999999999 0.5563333328125 0.79475 0.5576666671875 0.79075 0.5663333328125 0.7905 0.5763333328125 0.795 0.583 0.8412499999999999 0.6023333328125 0.845 0.599
0 0.9025000000000001 0.6223333328125 0.9037499999999999 0.6196666671875 0.901 0.6123333328125 0.89275 0.6073333328125 0.8869999999999999 0.591 0.88425 0.5866666671874999 0.877 0.583 0.86425 0.5823333328125 0.8564999999999999 0.5853333328125 0.851 0.5900000000000001 0.8445 0.6046666671875001 0.84375 0.615 0.8494999999999999 0.618 0.89975 0.623 0.9025000000000001 0.6223333328125
0 0.69875 0.5523333328125 0.7035 0.5566666671875 0.7125 0.5613333328125 0.7212500000000001 0.563 0.7255 0.561 0.735 0.5429999999999999 0.7342500000000001 0.51 0.72825 0.5066666671875 0.69575 0.5053333328125 0.69075 0.506 0.68925 0.509 0.6885 0.5253333328124999 0.6925 0.5323333328125 0.6952499999999999 0.5443333328125 0.69875 0.5523333328125
0 0.5755 0.5603333328125 0.5805 0.5589999999999999 0.5885 0.5483333328125 0.59475 0.5253333328124999 0.59325 0.516 0.58937425 0.5095986671875 0.5810035 0.5052866671875 0.573584 0.5057940000000001 0.55379875 0.51315 0.54925 0.5206666671875 0.5507500000000001 0.5406666671875 0.5549999999999999 0.5503333328125 0.56025 0.5553333328125001 0.5755 0.5603333328125
0 0.5925 0.6213333328124999 0.5962500000000001 0.623 0.6 0.6193333328125 0.5995 0.611 0.59525 0.604 0.5835 0.5993333328125 0.561 0.5940000000000001 0.55325 0.604 0.55125 0.6113333328125 0.5509999999999999 0.6173333328124999 0.5525 0.6193333328125 0.5875 0.623 0.5925 0.6213333328124999
0 0.537 0.6173333328124999 0.53825 0.6153333328125 0.5349999999999999 0.5956666671875 0.53025 0.589 0.5215 0.5836666671875 0.5085 0.5886666671875 0.49924999999999997 0.601 0.49874999999999997 0.611 0.50125 0.614 0.528 0.6176666671875 0.537 0.6173333328124999
0 0.46699999999999997 0.5873333328125 0.46900000000000003 0.5916666671875 0.48250000000000004 0.6 0.48925 0.6016666671875 0.4955 0.601 0.49850000000000005 0.5986666671875 0.5075000000000001 0.5743333328125 0.50625 0.5636666671875 0.50175 0.5549999999999999 0.49424999999999997 0.5463333328125 0.488 0.5443333328125 0.48150000000000004 0.5469999999999999 0.47750000000000004 0.5519999999999999 0.475 0.5603333328125 0.4715 0.5666666671875 0.4665 0.5653333328125 0.45824999999999994 0.5676666671875 0.45875000000000005 0.5703333328125 0.47057200000000005 0.572488 0.4665 0.5796666671875 0.46699999999999997 0.5873333328125
0 0.46175 0.5373333328125 0.45975 0.549 0.46349999999999997 0.5563333328125 0.47575 0.5583333328125 0.48324999999999996 0.5486666671875 0.488875 0.5453333328125 0.49450000000000005 0.5469999999999999 0.49725 0.5423333328125 0.49874999999999997 0.533 0.49824999999999997 0.5263333328125 0.497 0.5206666671875 0.49400000000000005 0.5156666671875 0.483 0.513 0.46825 0.5126666671875 0.46475 0.5146666671875 0.45875000000000005 0.5226666671875 0.45475000000000004 0.5206666671875 0.45099999999999996 0.523 0.45099999999999996 0.5276666671875 0.4535 0.5296666671875 0.45725 0.53 0.46175 0.5373333328125
0 0.43574999999999997 0.5706666671875 0.44800000000000006 0.5666666671875 0.4505 0.564 0.4535 0.5533333328125 0.45275 0.542 0.45099999999999996 0.536 0.45125000000000004 0.529 0.44775 0.521 0.43925000000000003 0.5176666671875 0.43200000000000005 0.518 0.42575 0.522 0.41500000000000004 0.5353333328125001 0.41325 0.5423333328125 0.4135 0.5526666671875 0.41725 0.5623333328125 0.42750000000000005 0.5703333328125 0.43574999999999997 0.5706666671875
0 0.45099999999999996 0.6096666671875 0.453 0.6073333328125 0.44800000000000006 0.5846666671875 0.44400000000000006 0.58 0.43574999999999997 0.5756666671875 0.4265 0.5763333328125 0.41050000000000003 0.5876666671875 0.40549999999999997 0.6033333328125 0.40499999999999997 0.607 0.40750000000000003 0.6093333328125 0.44749999999999995 0.6103333328125 0.45099999999999996 0.6096666671875
10 0.6895 0.2626666671875 0.6872499999999999 0.2673333328125 0.689 0.2703333328125 0.69675 0.2683333328125 0.7110000000000001 0.2736666671875 0.73175 0.28500000000000003 0.74025 0.284 0.76275 0.2756666671875 0.769 0.272 0.791 0.2663333328125 0.79425 0.2636666671875 0.788 0.254 0.7787499999999999 0.24700000000000003 0.74825 0.236 0.7344999999999999 0.23500000000000001 0.7125 0.23733333281250002 0.69675 0.244 0.6925 0.248 0.6917500000000001 0.25166666718749997 0.69375 0.25633333281250004 0.6925 0.2616666671875 0.6895 0.2626666671875
10 0.76225 0.31033333281250003 0.7707499999999999 0.32 0.8205 0.31766666718750003 0.8242499999999999 0.31266666718749997 0.82675 0.303 0.826 0.2866666671875 0.82325 0.2806666671875 0.8182499999999999 0.2743333328125 0.8067500000000001 0.2673333328125 0.792 0.2653333328125 0.76025 0.275 0.725 0.292 0.72375 0.2946666671875 0.743 0.29933333281249996 0.75725 0.3066666671875 0.76225 0.31033333281250003
10 0.6684734999999999 0.3187243328125 0.68118875 0.325958 0.7502500000000001 0.32599999999999996 0.7657499999999999 0.322 0.7685 0.3186666671875 0.7657499999999999 0.313 0.757 0.306 0.73675 0.29700000000000004 0.69425 0.2863333328125 0.6691517499999999 0.2893383328125 0.6589797500000001 0.28413933281250003 0.65728425 0.291373 0.66125 0.2986666671875 0.663218 0.31216900000000003 0.6684734999999999 0.3187243328125
10 0.535246 0.273818 0.54546775 0.2715466671875 0.55166275 0.2765023328125 0.56425 0.2786666671875 0.57334525 0.2789803328125 0.5934787499999999 0.2748506671875 0.6187235 0.2665906671875 0.62569275 0.259776 0.6292500000000001 0.24866666718750002 0.629 0.23733333281250002 0.62725 0.2316666671875 0.624 0.2266666671875 0.615 0.2206666671875 0.6085 0.2193333328125 0.597 0.22000000000000003 0.576 0.22799999999999998 0.56575 0.2346666671875 0.55575 0.24266666718750002 0.54875 0.25166666718749997 0.54546775 0.256059 0.5434545 0.2620476671875 0.53571075 0.268862 0.535246 0.273818
10 0.54875 0.3233333328125 0.57525 0.3186666671875 0.619 0.314 0.6228687500000001 0.3116176671875 0.62575 0.3056666671875 0.62775 0.2956666671875 0.628974 0.2870333328125 0.6256772500000001 0.2780786671875 0.62067075 0.27156633281250003 0.6135885 0.2704266671875 0.59225 0.2743333328125 0.5894999999999999 0.275 0.5634025 0.28100933281249996 0.5535 0.286 0.54225 0.2956666671875 0.53675 0.29733333281249996 0.5343410000000001 0.29940666718750003 0.5337305 0.3038026671875 0.5428885 0.3075473328125 0.546 0.32166666718750003 0.54875 0.3233333328125
10 0.48650000000000004 0.3166666671875 0.49325 0.31433333281250003 0.52175 0.31033333281250003 0.53325 0.3116666671875 0.5365 0.3066666671875 0.534 0.3023333328125 0.5347500000000001 0.29933333281249996 0.5425 0.29533333281249996 0.54825 0.28900000000000003 0.5515 0.2873333328125 0.5525 0.2826666671875 0.5485 0.2773333328125 0.537 0.2753333328125 0.5337500000000001 0.2773333328125 0.51475 0.2776666671875 0.49800000000000005 0.2703333328125 0.49024999999999996 0.2693333328125 0.48375 0.271 0.47625 0.2796666671875 0.47424999999999995 0.2856666671875 0.47424999999999995 0.2996666671875 0.47625 0.307 0.47824999999999995 0.31033333281250003 0.48650000000000004 0.3166666671875
10 0.60680025 0.3360006671875 0.6055765 0.3274343328125 0.6120015000000001 0.3183236671875 0.60985975 0.31234066718750003 0.601701 0.3185956671875 0.59575 0.314 0.5872499999999999 0.31466666718749997 0.5605 0.3213333328125 0.537 0.3293333328125 0.5207499999999999 0.3373333328125 0.52125 0.34199999999999997 0.52975 0.3426666671875 0.5559999999999999 0.3393333328125 0.60680025 0.3360006671875
0 0.25925 0.5716666671875 0.26225 0.5666666671875 0.2665 0.5646666671875 0.27599999999999997 0.5643333328125 0.29075 0.568 0.29325 0.5533333328125 0.29300000000000004 0.5443333328125 0.29 0.537 0.28725 0.534 0.27175 0.5276666671875 0.2665 0.5286666671875 0.25725 0.5356666671875 0.2505 0.5446666671875 0.24525000000000002 0.5613333328125 0.24525000000000002 0.5700000000000001 0.25039425 0.576369 0.253385 0.573469 0.25925 0.5716666671875
0 0.29500000000000004 0.596 0.298 0.5916666671875 0.29975 0.5786666671875 0.29925 0.576 0.29075 0.5686666671875 0.271 0.5633333328125001 0.257798 0.5634533328125 0.25182975 0.571411 0.251664 0.584453 0.2435 0.5823333328125 0.23975 0.5806666671875 0.23575 0.5833333328125 0.236 0.5893333328125 0.24 0.5923333328125 0.263 0.5953333328125 0.29500000000000004 0.596
0 0.2975 0.5473333328125001 0.30225 0.5493333328125 0.30724999999999997 0.5493333328125 0.3105 0.548 0.31325 0.5446666671875 0.32325 0.514 0.325 0.505 0.323 0.5003333328124999 0.31875 0.499 0.2935 0.499 0.29125 0.5013333328125 0.28525 0.5176666671875 0.28500000000000003 0.5263333328125 0.28625 0.532 0.2925 0.5429999999999999 0.2975 0.5473333328125001
0 0.24775 0.5473333328125001 0.26549999999999996 0.529 0.267 0.5173333328124999 0.265 0.509 0.258 0.4993333328125 0.2455 0.49766666718749997 0.23025 0.49833333281250003 0.22749999999999998 0.5003333328124999 0.221 0.5253333328124999 0.22075 0.529 0.23224999999999998 0.5446666671875 0.23625 0.5469999999999999 0.24775 0.5473333328125001
0 0.1515 0.572 0.1645 0.5730000000000001 0.17775000000000002 0.5706666671875 0.18375 0.5653333328125 0.18675 0.557 0.19225 0.5526666671875 0.19225 0.5486666671875 0.1875 0.54 0.1855 0.5286666671875 0.182 0.5236666671875 0.17450000000000002 0.5193333328125 0.16675 0.5183333328125 0.158 0.521 0.14750000000000002 0.526 0.13925 0.533 0.13725 0.5486666671875 0.13874999999999998 0.5603333328125 0.141 0.5643333328125 0.1515 0.572
0 0.12225 0.5650000000000001 0.12875 0.5650000000000001 0.1385 0.5603333328125 0.13774999999999998 0.553 0.14125000000000001 0.532 0.14475 0.5293333328125 0.14725 0.525 0.14450000000000002 0.5173333328124999 0.1385 0.5076666671875001 0.13075 0.504 0.122 0.5026666671875 0.11574999999999999 0.5056666671875 0.11025 0.513 0.10700000000000001 0.5153333328125 0.10400000000000001 0.5216666671875 0.1025 0.5286666671875 0.10325 0.5413333328125 0.10625 0.5483333328125 0.119 0.5633333328125001 0.12225 0.5650000000000001
0 0.15025 0.5263333328125 0.16733325 0.52 0.17425 0.5216666671875 0.17775000000000002 0.5263333328125 0.185 0.5233333328125 0.18975 0.5143333328125 0.19025 0.5053333328125 0.18875 0.49800000000000005 0.186 0.496 0.1785 0.49400000000000005 0.14225000000000002 0.4926666671875 0.13999999999999999 0.49400000000000005 0.13874999999999998 0.497 0.1385 0.5023333328125 0.14025 0.5096666671875 0.14675 0.5256666671875 0.15025 0.5263333328125
