5 0.205 0.34175 0.2173333328125 0.33925 0.22233333281249998 0.3365 0.2273333328125 0.32999999999999996 0.2276666671875 0.32225000000000004 0.2246666671875 0.31575000000000003 0.20866666718750002 0.30525 0.192 0.3045 0.1856666671875 0.30525 0.1796666671875 0.3095 0.17733333281250002 0.3135 0.174 0.32225000000000004 0.182 0.32999999999999996 0.1973333328125 0.34025 0.205 0.34175
5 0.1696666671875 0.32025000000000003 0.17333333281250002 0.31975 0.1786666671875 0.3095 0.178 0.30225 0.17366666718749998 0.29325 0.158 0.28625 0.14566666718750002 0.28650000000000003 0.142 0.28725 0.13999999999999999 0.2895 0.1403333328125 0.2985 0.1423333328125 0.30125 0.1656666671875 0.3185 0.1696666671875 0.32025000000000003
5 0.189 0.30375 0.199 0.30474999999999997 0.21033333281250002 0.30425 0.21633333281249997 0.3 0.22033333281249998 0.29325 0.221 0.28300000000000003 0.2106666671875 0.273 0.20366666718749998 0.27 0.189 0.269 0.182 0.27125 0.17733333281250002 0.2765 0.17466666718749999 0.28700000000000003 0.17633333281250002 0.29375 0.181 0.29925 0.189 0.30375
5 0.3023333328125 0.30525 0.311 0.305 0.32366666718750003 0.29474999999999996 0.3233333328125 0.28700000000000003 0.32166666718750003 0.284 0.31466666718749997 0.277 0.3066666671875 0.27275 0.2903333328125 0.27149999999999996 0.2823333328125 0.27375 0.2786666671875 0.27975 0.2783333328125 0.28775 0.2816666671875 0.2955 0.296 0.30375 0.3023333328125 0.30525
5 0.2766666671875 0.28875 0.2776666671875 0.2855 0.2773333328125 0.27549999999999997 0.2716666671875 0.2685 0.2676666671875 0.26575000000000004 0.25833333281250004 0.26575000000000004 0.251 0.26675 0.24266666718750002 0.2705 0.2596666671875 0.29575 0.2633333328125 0.29700000000000004 0.2676666671875 0.29575 0.2766666671875 0.28875
5 0.30533333281249997 0.26425 0.3046666671875 0.2565 0.302 0.251 0.29300000000000004 0.2475 0.2779226671875 0.24952175 0.271 0.25825 0.272 0.26749999999999996 0.279 0.274 0.3026666671875 0.26725 0.30533333281249997 0.26425
5 0.3543333328125 0.321 0.355 0.314 0.3533333328125 0.3095 0.3493333328125 0.306 0.3343333328125 0.2985 0.32599999999999996 0.2975 0.31233333281250003 0.3065 0.31233333281250003 0.3185 0.3266666671875 0.3305 0.3416666671875 0.331 0.3543333328125 0.321
5 0.3463333328125 0.40650000000000003 0.3533333328125 0.40549999999999997 0.3636666671875 0.39675 0.3653333328125 0.38825 0.3633333328125 0.38175 0.357 0.376 0.3496666671875 0.3725 0.3406666671875 0.3715 0.329 0.374 0.3206666671875 0.379 0.318 0.383 0.3173333328125 0.39225 0.32 0.39875 0.3373333328125 0.40599999999999997 0.3463333328125 0.40650000000000003
5 0.4916666671875 0.43674999999999997 0.49800000000000005 0.43525 0.506 0.43025 0.51 0.42374999999999996 0.5083333328124999 0.41600000000000004 0.5056666671875 0.41200000000000003 0.4996666671875 0.40750000000000003 0.49400000000000005 0.40525 0.47466666718750006 0.40475000000000005 0.4716666671875 0.40650000000000003 0.46666666718750005 0.41525 0.46666666718750005 0.42275 0.4683333328125 0.42774999999999996 0.483 0.43674999999999997 0.4916666671875 0.43674999999999997
5 0.2213183328125 0.2807075 0.224125 0.26717575 0.2307403328125 0.26041 0.22773333281250002 0.25349374999999996 0.22093466718750002 0.24840025 0.21360133281250002 0.24640025 0.2056013328125 0.24715025000000002 0.1986013328125 0.25015025 0.19293466718750002 0.25490025 0.190268 0.25965025 0.18993466718750002 0.26765025 0.20393466718750003 0.26915025 0.2129346671875 0.27190025 0.2213183328125 0.2807075
5 0.4103853328125 0.45899999999999996 0.41638533281249995 0.46075 0.4213853328125 0.4605 0.43571866718749996 0.46275000000000005 0.4426106671875 0.456912 0.448052 0.44325000000000003 0.4443853328125 0.43875000000000003 0.43644733281250003 0.43177675000000004 0.4270096671875 0.42845425 0.4135273328125 0.429321 0.40601566718750004 0.4336545 0.402052 0.43949999999999995 0.4019706671875 0.44593325000000006 0.4035116671875 0.4520005 0.4063853328125 0.45549999999999996 0.4103853328125 0.45899999999999996
5 0.369 0.47400000000000003 0.3876666671875 0.46950000000000003 0.391 0.46675000000000005 0.3906666671875 0.45925000000000005 0.38733333281250004 0.45149999999999996 0.3803333328125 0.446 0.369 0.4425 0.3616666671875 0.44325000000000003 0.3503333328125 0.44699999999999995 0.3446666671875 0.45125000000000004 0.34199999999999997 0.45475000000000004 0.3443333328125 0.45875000000000005 0.3633333328125 0.4715 0.369 0.47400000000000003
5 0.5246666671875 0.53625 0.5443333328125 0.534 0.549 0.53 0.5506666671875 0.52525 0.55 0.51725 0.546 0.5125 0.5346666671875 0.50525 0.5253333328124999 0.50325 0.5163333328124999 0.50475 0.5096666671875 0.50725 0.5026666671875 0.5135 0.5003333328124999 0.5195000000000001 0.5 0.52675 0.5013333328125 0.52975 0.5126666671875 0.53175 0.5246666671875 0.53625
5 0.5256666671875 0.5605 0.5283333328125 0.553 0.526 0.5389999999999999 0.524 0.5365 0.514 0.532 0.49926466718749996 0.53001075 0.49133333281249997 0.5325 0.48733333281249996 0.5467500000000001 0.4893333328125 0.5535 0.5116666671875 0.56825 0.5153333328125 0.56825 0.5256666671875 0.5605
5 0.5793333328125 0.58425 0.5875516671875001 0.58668425 0.5956666671875 0.58375 0.5993333328125 0.5832499999999999 0.6073333328125 0.5775 0.6096666671875 0.5690000000000001 0.609 0.56325 0.6033333328125 0.55525 0.595 0.55 0.5829253328124999 0.547649 0.5713593328125001 0.54793825 0.562492 0.553432 0.5586366671875 0.56470875 0.5673333328125 0.5785 0.5753333328125 0.58275 0.5793333328125 0.58425
5 0.5546666671875 0.5902499999999999 0.5556666671875 0.583 0.5533333328125 0.5725 0.5453333328125 0.564 0.5373333328125 0.561 0.526 0.56125 0.517 0.57125 0.525 0.5805 0.5433333328125001 0.5945 0.5486666671875 0.597 0.5546666671875 0.5902499999999999
5 0.7753333328124999 0.72825 0.7876666671875 0.72575 0.7923333328125 0.724 0.7986666671875 0.71725 0.8006666671874999 0.71 0.7993333328125 0.701 0.7893333328125001 0.6895 0.787 0.6885 0.7596666671875 0.68625 0.7486666671875 0.69325 0.7433333328125 0.70275 0.7433333328125 0.7125 0.756 0.724 0.7633333328125 0.72675 0.7753333328124999 0.72825
5 0.7913333328125 0.68825 0.8109999999999999 0.67475 0.8119999999999999 0.669 0.8096666671875001 0.66425 0.7986666671875 0.65525 0.779 0.6505 0.77 0.655 0.7623333328124999 0.66575 0.7603333328125 0.671 0.7606666671875 0.678 0.7626666671875 0.6815 0.7673333328124999 0.68525 0.7913333328125 0.68825
5 0.7243333328125 0.6835 0.748 0.6797500000000001 0.7566666671875 0.67425 0.7593333328125 0.6667500000000001 0.7593333328125 0.6615 0.757 0.65625 0.752 0.65175 0.74 0.645 0.725 0.64325 0.7166666671875 0.6445000000000001 0.7103333328125 0.6487499999999999 0.705 0.65675 0.7030000000000001 0.662 0.705 0.67075 0.7086666671875 0.67475 0.7243333328125 0.6835
5 0.7323333328125 0.7344999999999999 0.7563333328125 0.734 0.7573333328125 0.7315 0.756 0.726 0.7436666671875 0.714 0.729 0.709 0.7163333328125 0.70975 0.7143333328125 0.7112499999999999 0.7110000000000001 0.7165 0.7126666671875 0.72025 0.7283333328125 0.73325 0.7323333328125 0.7344999999999999
5 0.6976666671875 0.66575 0.7023333328125 0.66225 0.7073333328125 0.65025 0.7070000000000001 0.6425 0.7016666671875 0.63625 0.693 0.63125 0.6893333328125 0.6305 0.6719999999999999 0.6385 0.667 0.65025 0.6703333328125 0.654 0.689 0.66825 0.6976666671875 0.66575
5 0.6746666671875 0.63625 0.6853333328125 0.633 0.689 0.62725 0.688 0.6054999999999999 0.6823333328125 0.5980000000000001 0.6736666671875 0.5945 0.662 0.5962500000000001 0.6573333328125 0.59975 0.6553333328125001 0.60325 0.6513333328125 0.627 0.6556666671875 0.6327499999999999 0.6656666671875 0.6365000000000001 0.6746666671875 0.63625
5 0.712 0.638 0.718 0.638 0.7253333328125 0.63625 0.7333333328125 0.63075 0.736 0.62325 0.7356666671875 0.61375 0.7343333328125 0.611 0.724 0.60325 0.7166666671875 0.6012500000000001 0.7046666671875 0.6002500000000001 0.6963333328125 0.6025 0.6900000000000001 0.60725 0.6893333328125 0.623 0.693 0.63125 0.7026666671874999 0.636 0.712 0.638
5 0.7636666671875 0.6415 0.7753333328124999 0.6335 0.779 0.62675 0.7786666671875 0.61925 0.7696666671875 0.61025 0.7593333328125 0.6052500000000001 0.7523333328125 0.6054999999999999 0.746 0.60975 0.7366666671875 0.62225 0.7343333328125 0.6285000000000001 0.7346666671875 0.63475 0.7413333328125 0.6395 0.75 0.64225 0.7636666671875 0.6415
5 0.7853333328125001 0.65025 0.7946666671875 0.6535 0.8083333328125001 0.654 0.8166666671874999 0.65175 0.8276666671875 0.64275 0.8256666671874999 0.6345 0.8176666671874999 0.6275000000000001 0.8066666671875 0.6205 0.7943333328125 0.62025 0.7903333328125 0.6212500000000001 0.7826666671875 0.624 0.779 0.6287499999999999 0.7766666671875 0.6345 0.7783333328125 0.644 0.7806666671875 0.64725 0.7853333328125001 0.65025
5 0.7403333328125 0.61225 0.746 0.607 0.748 0.6035 0.7476666671875 0.59925 0.744 0.593 0.725 0.58275 0.7166666671875 0.581 0.7126666671875 0.5820000000000001 0.706 0.5860000000000001 0.7036666671875 0.5894999999999999 0.7016666671875 0.59525 0.7036666671875 0.6002500000000001 0.736 0.6134999999999999 0.7403333328125 0.61225
5 0.701 0.5955 0.7046666671875 0.5835 0.7030000000000001 0.58025 0.6933333328125 0.5735 0.6853333328125 0.57225 0.6813333328125 0.5745 0.6733333328125 0.5825 0.6663333328125 0.59175 0.6893333328125 0.602 0.6976666671875 0.599 0.701 0.5955
5 0.8836666671875 0.8007500000000001 0.8886666671875 0.79875 0.8963333328124999 0.79125 0.8963333328124999 0.78675 0.8923333328125 0.77825 0.8766666671875001 0.76475 0.869 0.7625 0.859 0.7635 0.8493333328125001 0.78525 0.8496666671875 0.79225 0.8643333328124999 0.79875 0.8776666671875001 0.8009999999999999 0.8836666671875 0.8007500000000001
5 0.905 0.86175 0.913 0.858 0.9166666671874999 0.8494999999999999 0.9173333328125001 0.8414999999999999 0.9116666671875 0.8327500000000001 0.9036666671875 0.8262499999999999 0.8886666671875 0.82175 0.8766666671875001 0.82075 0.8633333328124999 0.834 0.873569 0.84107125 0.8926666671874999 0.861 0.8960000000000001 0.8622500000000001 0.905 0.86175
5 0.9550000000000001 0.881 0.9630000000000001 0.877 0.966 0.87325 0.9666666671874999 0.865 0.9626666671875 0.85625 0.953 0.8472500000000001 0.9466666671875 0.843 0.9396666671875 0.8402499999999999 0.9313333328125 0.8387499999999999 0.9213333328125 0.8412499999999999 0.9179999999999999 0.8442500000000001 0.913 0.85825 0.9123333328125 0.86175 0.914 0.86525 0.9313333328125 0.881 0.9550000000000001 0.881
5 0.9236666671875 0.83575 0.9339999999999999 0.837 0.943 0.8365 0.9533333328125 0.8300000000000001 0.9586666671874999 0.8210000000000001 0.9586666671874999 0.8145 0.9533333328125 0.8025 0.951 0.8005000000000001 0.943 0.79775 0.932 0.7955 0.9236666671875 0.795 0.916 0.7967500000000001 0.915 0.7985 0.9066666671875 0.82225 0.908 0.8242499999999999 0.916 0.83125 0.9236666671875 0.83575
