9 0.186 0.64425 0.3366666671875 0.75575 0.40933333281250006 0.7985 0.5093333328125 0.8455 0.529 0.8535 0.5446666671875 0.8564999999999999 0.5763333328125 0.85775 0.615 0.8545 0.6226666671875 0.853 0.6386666671875 0.83925 0.6463333328124999 0.8252499999999999 0.648 0.818 0.648 0.8035 0.6453333328124999 0.79475 0.638 0.7825 0.631 0.775 0.615 0.7615000000000001 0.5993333328125 0.75175 0.331 0.63325 0.24 0.59475 0.2176666671875 0.5900000000000001 0.1846666671875 0.58775 0.1796666671875 0.58775 0.17366666718749998 0.5915 0.1616666671875 0.60325 0.1616666671875 0.60625 0.1796666671875 0.6365000000000001 0.186 0.64425
2 0.24900000000000003 0.58825 0.2656666671875 0.6005 0.2873333328125 0.60975 0.3 0.613 0.31433333281250003 0.615 0.3343333328125 0.614 0.365 0.6092500000000001 0.387 0.60075 0.3983333328125 0.59275 0.4056666671875 0.58425 0.414 0.54125 0.41200000000000003 0.52925 0.4056666671875 0.5115000000000001 0.3976666671875 0.4995 0.38533333281250004 0.48775 0.358 0.47375 0.3403333328125 0.46900000000000003 0.3253333328125 0.46825 0.298 0.47350000000000003 0.2673333328125 0.485 0.2593333328125 0.48949999999999994 0.2533333328125 0.49349999999999994 0.23933333281250002 0.507 0.22833333281249998 0.5295 0.22633333281249998 0.5375 0.22599999999999998 0.54475 0.22833333281249998 0.55675 0.238 0.5765 0.24900000000000003 0.58825
0 0.142 0.47424999999999995 0.153 0.48224999999999996 0.174 0.493 0.2046666671875 0.50575 0.21233333281250003 0.5075000000000001 0.225 0.509 0.236 0.50825 0.2632093328125 0.48420949999999996 0.3226666671875 0.46725000000000005 0.325 0.4625 0.32566666718750004 0.45824999999999994 0.316 0.421 0.31033333281250003 0.40525 0.3026666671875 0.392 0.2956666671875 0.3845 0.284 0.37625000000000003 0.2476666671875 0.357 0.23733333281250002 0.35350000000000004 0.22633333281249998 0.35275 0.17466666718749999 0.36124999999999996 0.152 0.369 0.14466666718750001 0.373 0.1346666671875 0.38075000000000003 0.1306666671875 0.387 0.119 0.42975 0.119 0.44000000000000006 0.1226666671875 0.45099999999999996 0.1306666671875 0.46299999999999997 0.142 0.47424999999999995
5 0.542 0.72425 0.5476666671875 0.7285 0.5559999999999999 0.73225 0.599 0.749 0.6076666671875001 0.74875 0.6226666671875 0.7455 0.6386666671875 0.739 0.6493333328124999 0.73175 0.657 0.7245 0.6626666671875 0.7165 0.6676666671875 0.70475 0.6696666671875 0.6955 0.6679999999999999 0.6809999999999999 0.663 0.6717500000000001 0.651 0.6575 0.64 0.6497499999999999 0.6073333328125 0.63925 0.5953333328125 0.6385 0.5566666671875 0.649 0.5356666671875 0.6639999999999999 0.5293333328125 0.6725 0.5263333328125 0.6815 0.5256666671875 0.6915 0.5269999999999999 0.69725 0.532 0.70925 0.542 0.72425
6 0.471 0.69475 0.48966666718749996 0.69825 0.5063333328125 0.69725 0.5173333328124999 0.6945 0.5380796671875 0.65818575 0.5736483328124999 0.6417355 0.6009403328125 0.63692475 0.6327866671875 0.6462362500000001 0.6638056671875 0.66548 0.682831 0.66610075 0.701856 0.6617555 0.7192266671875001 0.6136459999999999 0.6712503328125 0.601541 0.634441 0.5720545 0.6616666671875 0.55275 0.662 0.53275 0.6586666671875 0.5215 0.6523333328125 0.51025 0.6423333328124999 0.504 0.631 0.49974999999999997 0.6083333328125 0.49725 0.5136666671875 0.493 0.49400000000000005 0.49924999999999997 0.4523333328125 0.51675 0.42800000000000005 0.53175 0.4193333328125 0.54 0.4136666671875 0.54875 0.4106666671875 0.557 0.4026666671875 0.6035 0.404 0.615 0.4216666671875 0.65425 0.44666666718750003 0.68525 0.471 0.69475
1 0.751 0.6485000000000001 0.7593333328125 0.65625 0.782 0.67025 0.7866666671875 0.6715 0.819 0.6759999999999999 0.8476666671875 0.67375 0.8726666671875 0.66825 0.8836666671875 0.662 0.8966666671875 0.65025 0.909 0.633 0.9119999999999999 0.619 0.9109999999999999 0.61275 0.908 0.60325 0.9026666671875001 0.5955 0.8963333328124999 0.5875 0.8521000000000001 0.5568815 0.8384326671875 0.52896025 0.8202096671874999 0.5281055 0.8202096671874999 0.5429207500000001 0.8092 0.55289275 0.748 0.57525 0.7396666671875 0.5825 0.733 0.59225 0.7313333328125 0.60275 0.7316666671875 0.6155 0.7403333328125 0.63475 0.751 0.6485000000000001
1 0.873 0.5715 0.8843333328125 0.57525 0.9053333328125 0.5755 0.9193333328125 0.57375 0.9513333328125 0.563 0.9663333328125001 0.54975 0.9746666671875 0.53725 0.978 0.5285 0.9783333328125 0.5207499999999999 0.9743333328125001 0.51 0.9636666671875 0.49349999999999994 0.9563333328124999 0.48624999999999996 0.9436666671875 0.47725 0.932 0.471 0.9179999999999999 0.4665 0.9039999999999999 0.46399999999999997 0.8856666671875001 0.46325000000000005 0.865 0.46449999999999997 0.844 0.47275 0.8343333328125 0.47800000000000004 0.8213333328125 0.48825 0.8113333328125 0.50175 0.8096666671875001 0.509 0.8103333328125 0.521 0.8384326671875 0.5278205 0.8636666671875 0.5655 0.873 0.5715
10 0.6461876671875 0.5045075 0.6595953328124999 0.51924125 0.666 0.53975 0.6776666671875 0.541 0.709 0.53925 0.7233333328125 0.537 0.74 0.53275 0.7636666671875 0.524 0.788 0.51125 0.8140000000000001 0.49524999999999997 0.8304806671874999 0.48005424999999996 0.8536666671875001 0.46825 0.8623333328125 0.4615 0.8766666671875001 0.43949999999999995 0.8786666671875001 0.42750000000000005 0.8766666671875001 0.42374999999999996 0.8751146671875001 0.41679125 0.899146 0.40286974999999997 0.8968273328125 0.396067 0.890714 0.3940105 0.8550000000000001 0.40475000000000005 0.8466666671875 0.40025000000000005 0.8376666671875 0.3975 0.8276666671875 0.39649999999999996 0.8136666671875 0.397 0.7516666671875 0.40475000000000005 0.7203333328125 0.41075 0.6733333328125 0.42175 0.6503333328124999 0.43 0.6236666671875 0.44699999999999995 0.614 0.46125 0.611 0.47400000000000003 0.6113333328125 0.48475 0.6143333328125 0.49400000000000005 0.6289493328125 0.4973205 0.6461876671875 0.5045075
8 0.6217193328125 0.40906575 0.6375213328125 0.39217599999999997 0.6217193328125 0.37384875 0.6150156671875 0.344741 0.6054386671875001 0.326773 0.5882 0.31203949999999997 0.5685673328124999 0.298384 0.526429 0.28975925 0.5091906671875 0.280416 0.474235 0.2707135 0.44694066718750003 0.2707135 0.4249136671875 0.27466650000000004 0.41054833281249997 0.28580649999999996 0.3985773328125 0.29155625 0.37942333281249996 0.294431 0.35212933281250003 0.306649 0.3430313328125 0.32282025000000003 0.3368063328125 0.331804 0.32196199999999997 0.33827250000000003 0.3114273328125 0.36163075 0.31956766718749996 0.37564549999999997 0.321483 0.38858225 0.3171736671875 0.3997225 0.3138216671875 0.4123 0.3205253328125 0.4270335 0.3171736671875 0.4381735 0.3243563328125 0.45326649999999996 0.33441200000000004 0.46260975000000004 0.3449466671875 0.46907825000000003 0.352608 0.46800024999999995 0.3631426671875 0.475906 0.377508 0.47662475000000004 0.3913946671875 0.48776475 0.402408 0.5017797500000001 0.421083 0.5107635 0.44694066718750003 0.51040425 0.4780656671875 0.5075292499999999 0.5048809999999999 0.49387375 0.541875 0.48777725 0.5633003328124999 0.46800024999999995 0.6006503328125 0.45003225 0.6116636671875 0.42523675 0.6217193328125 0.40906575
0 0.6373303328125 0.41200000000000003 0.6453303328125 0.41974999999999996 0.6583303328125 0.42424999999999996 0.7633303328125 0.40025000000000005 0.7823303328125 0.38475000000000004 0.7909970000000001 0.37174999999999997 0.799921 0.34444975 0.8042946671875001 0.33157325000000004 0.806313 0.32071675 0.795211 0.30001350000000004 0.7696423328125 0.28309725 0.746092 0.27602775 0.7269156671875 0.27779525 0.715477 0.28334975 0.7097576671875 0.27628025 0.695291 0.26971575 0.6727503328125 0.269211 0.6401163328125 0.2790575 0.6189213328125 0.29471125 0.603782 0.30809275 0.6020996671875001 0.31945425 0.6142113328125001 0.3285435 0.6243043328125 0.346217 0.6186636671875 0.35924999999999996 0.6173303328124999 0.36124999999999996 0.617997 0.369 0.6380480000000001 0.38812525 0.6373303328125 0.41200000000000003
7 0.3435256671875 0.3128015 0.381885 0.2949185 0.4074576671875 0.28488674999999997 0.43651733281249994 0.27049325 0.48301333281250003 0.27311025 0.5167226671875 0.282706 0.5393893328125 0.26918475000000003 0.576586 0.23952524999999997 0.6039023328125 0.2011425 0.58821 0.18456825 0.558569 0.191983 0.576586 0.16406825 0.564962 0.152728 0.5248593328125 0.15447249999999998 0.46383366718749997 0.18369575 0.45511566718749996 0.18369575 0.3685173328125 0.19503625 0.273782 0.21073825 0.22844866718749998 0.21815299999999999 0.1929956671875 0.21466375000000001 0.18544 0.2242595 0.1982263328125 0.25130175 0.181953 0.26002525 0.1807906671875 0.28794 0.1959016671875 0.29797175 0.217406 0.30582275000000003 0.22844866718749998 0.31716325 0.23891033281250001 0.331993 0.267389 0.35336500000000004 0.31156 0.366014 0.31562833281249997 0.34987575 0.3359703328125 0.3280675 0.3435256671875 0.3128015
