1 0.6363333328125 0.7635 0.67 0.7855000000000001 0.6933333328125 0.79375 0.7083333328125 0.7965 0.7363333328125 0.794 0.7516666671875 0.7905 0.7793333328125 0.77675 0.787 0.7707499999999999 0.7946666671875 0.75925 0.7993333328125 0.74775 0.8033333328125 0.7252500000000001 0.8019999999999999 0.71325 0.7953333328125 0.6990000000000001 0.783 0.686 0.7616213328125 0.6693877500000001 0.7274263328125 0.65871075 0.7044636671875 0.64110325 0.7026666671874999 0.62225 0.6976666671875 0.61975 0.6696666671875 0.62775 0.6657759999999999 0.630239 0.6780063328125 0.6459735 0.6785053328124999 0.6573995 0.668272 0.6620825 0.6358243328125 0.678566 0.6213333328124999 0.6952499999999999 0.616 0.705 0.613 0.7190000000000001 0.6126666671875001 0.725 0.617 0.73975 0.627 0.7555 0.6363333328125 0.7635
1 0.717 0.6285000000000001 0.7353333328125 0.6375 0.7473333328125 0.64125 0.7646666671875 0.64425 0.7803333328125001 0.645 0.8029999999999999 0.643 0.8183333328125 0.638 0.8323333328125001 0.63075 0.8496666671875 0.61625 0.8543333328125 0.6075 0.8563333328124999 0.59825 0.85 0.5725 0.8433333328125 0.5587500000000001 0.8343333328125 0.54775 0.826 0.54025 0.8143333328125 0.533 0.7956666671875 0.52625 0.7866666671875 0.52425 0.7676666671875 0.52275 0.7583333328124999 0.5235000000000001 0.7473333328125 0.525 0.7273333328125 0.53025 0.6736666671875 0.5565 0.675 0.572 0.7026666671874999 0.618 0.717 0.6285000000000001
10 0.599 0.5295 0.63 0.5377500000000001 0.655 0.538 0.6853333328125 0.5347500000000001 0.7406666671875 0.52525 0.8436666671875 0.48224999999999996 0.897 0.43525 0.899 0.42750000000000005 0.8946666671875001 0.4255 0.8263333328125 0.41525 0.7523333328125 0.41150000000000003 0.7063333328125 0.41200000000000003 0.6423333328124999 0.41624999999999995 0.6043333328125 0.42374999999999996 0.5876666671875 0.43125 0.5793333328125 0.4365 0.572 0.44400000000000006 0.5656666671874999 0.454 0.5623333328125 0.46375 0.5643333328125 0.48650000000000004 0.5676666671875 0.5002500000000001 0.5933333328125 0.5269999999999999 0.599 0.5295
5 0.42766666718749996 0.7344999999999999 0.45 0.74475 0.462 0.74725 0.47366666718749995 0.74725 0.493 0.744 0.5146666671875 0.73475 0.5326666671875 0.717 0.5376666671875 0.70925 0.5423333328125 0.6945 0.542 0.6855 0.537 0.66575 0.528 0.65575 0.5096666671875 0.643 0.4903333328125 0.63775 0.4853333328125 0.63775 0.4389106671875 0.6426695 0.4146666671875 0.65525 0.4063333328125 0.6639999999999999 0.4 0.68475 0.4 0.701 0.4023333328125 0.7105 0.4073333328125 0.7184999999999999 0.42766666718749996 0.7344999999999999
9 0.13899999999999998 0.6375 0.1883333328125 0.70275 0.2006666671875 0.71675 0.23566666718749998 0.75275 0.2666666671875 0.78075 0.2863333328125 0.7965 0.3306666671875 0.828 0.355 0.84175 0.387 0.8525 0.4066666671875 0.8567500000000001 0.41600000000000004 0.85725 0.43433333281250003 0.8552500000000001 0.45099999999999996 0.84925 0.472 0.8345 0.4783333328125 0.8252499999999999 0.48166666718749995 0.8182499999999999 0.4823333328125 0.79725 0.4796666671875 0.78825 0.47133333281249995 0.7737499999999999 0.4423333328125 0.7445 0.16799999999999998 0.54125 0.1573333328125 0.5365 0.10700000000000001 0.5287499999999999 0.10333333281249998 0.53025 0.091 0.54325 0.08966666718750001 0.545 0.0996666671875 0.5775 0.1056666671875 0.5915 0.13899999999999998 0.6375
2 0.189 0.54125 0.205 0.553 0.2206666671875 0.56075 0.236 0.56525 0.2533333328125 0.56775 0.2923333328125 0.567 0.306 0.56575 0.3086666671875 0.5645 0.3566666671875 0.502 0.3573333328125 0.499 0.3573333328125 0.489 0.3546666671875 0.47575 0.3493333328125 0.46299999999999997 0.3373333328125 0.44699999999999995 0.3303333328125 0.44125 0.31433333281250003 0.43174999999999997 0.29500000000000004 0.42525 0.2806666671875 0.42374999999999996 0.267 0.42424999999999996 0.25166666718749997 0.4265 0.2206666671875 0.434 0.2093333328125 0.4385 0.1883333328125 0.4535 0.173 0.47424999999999995 0.1673333328125 0.49000000000000005 0.1673333328125 0.50625 0.1706666671875 0.5175 0.181 0.53325 0.189 0.54125
0 0.1106666671875 0.40425000000000005 0.128 0.41974999999999996 0.1546666671875 0.43550000000000005 0.1874463328125 0.45199875 0.200093 0.44386374999999995 0.2154493328125 0.43403425 0.2597113328125 0.42251000000000005 0.2986666671875 0.42400000000000004 0.3 0.42225 0.3006666671875 0.40750000000000003 0.2923333328125 0.36825 0.2876666671875 0.353 0.2803333328125 0.33799999999999997 0.24900000000000003 0.3065 0.231 0.29874999999999996 0.2156666671875 0.2965 0.17366666718749998 0.29900000000000004 0.1526666671875 0.3025 0.1413333328125 0.3065 0.129 0.31425000000000003 0.123 0.32075 0.12064266718750001 0.34020975 0.10812066718749999 0.346788 0.0993333328125 0.35750000000000004 0.0963333328125 0.3685 0.0963333328125 0.3775 0.0993333328125 0.38675000000000004 0.10400000000000001 0.39625 0.1106666671875 0.40425000000000005
6 0.3453333328125 0.6633715 0.36066666718749996 0.6701215 0.394594 0.6774527499999999 0.40518666718749996 0.65966125 0.4172923328125 0.643384 0.441504 0.63694875 0.4924486671875 0.6343935 0.511616 0.64537125 0.5383496671875 0.6673264999999999 0.565588 0.6809540000000001 0.5860000000000001 0.6731214999999999 0.5996666671875001 0.6601215 0.6215806671874999 0.63268925 0.5993866671875 0.6239827499999999 0.585765 0.611208 0.5539896671875 0.5743940000000001 0.5898030000000001 0.561902 0.5860000000000001 0.5168714999999999 0.5793333328125 0.5098715 0.5676666671875 0.5028715 0.51 0.4846215 0.46733333281249995 0.4766215 0.4543333328125 0.4761215 0.441 0.4778715 0.3926666671875 0.4893715 0.3713333328125 0.4971215 0.3536666671875 0.5063715 0.34500000000000003 0.5146215 0.3136666671875 0.5598715000000001 0.309 0.5716215 0.312 0.5993715 0.3223333328125 0.6423715 0.32999999999999996 0.6536215000000001 0.3453333328125 0.6633715
0 0.6125076671875 0.39483025 0.624841 0.41033025 0.6301743328125 0.41333025 0.634841 0.41433025 0.741841 0.41233025 0.747841 0.41058025000000004 0.759841 0.40158025 0.7785076671875 0.38183025000000004 0.8005076671875001 0.34683025 0.8041743328125 0.32958025 0.8011743328125001 0.31583025 0.795841 0.30858025 0.7791743328125 0.29233025 0.7675076671875 0.28408025000000003 0.757841 0.28008025000000003 0.6955076671875 0.26458024999999996 0.6831743328125001 0.26358025 0.6675076671875 0.26433025 0.638841 0.27233025 0.6055076671874999 0.29183024999999996 0.6015076671874999 0.29658025 0.5955076671875 0.32708024999999996 0.5945076671875 0.33483025 0.6011743328125 0.36858025 0.6055076671874999 0.38108025 0.6125076671875 0.39483025
8 0.3253333328125 0.39625 0.3426666671875 0.41174999999999995 0.3576666671875 0.42225 0.3736666671875 0.42675 0.40033333281249994 0.43025 0.5173333328124999 0.4125 0.5366666671875 0.40625 0.576 0.3695 0.5900000000000001 0.33775 0.5894906671875 0.29678075000000004 0.58 0.27149999999999996 0.5696666671874999 0.25525000000000003 0.49766666718749997 0.21175000000000002 0.47968966718750006 0.20302525 0.4577256671875 0.19965375000000002 0.3846666671875 0.2185 0.33799999999999997 0.24275000000000002 0.327 0.25575000000000003 0.2856666671875 0.32775 0.2833333328125 0.33399999999999996 0.284 0.34025 0.292 0.358 0.3253333328125 0.39625
7 0.2703333328125 0.13925 0.2673333328125 0.142 0.2633333328125 0.151 0.27599999999999997 0.18925 0.28300000000000003 0.2 0.2956666671875 0.2125 0.3326666671875 0.23975 0.3376666671875 0.23975 0.3426666671875 0.238 0.3456666671875 0.2355 0.369 0.23075 0.3763333328125 0.22125 0.4606666671875 0.20049999999999998 0.46699999999999997 0.20049999999999998 0.484 0.20425 0.49833333281250003 0.20975000000000002 0.5053333328125 0.2145 0.5136666671875 0.21625 0.5176666671875 0.22174999999999997 0.5223333328125 0.2225 0.5269999999999999 0.22574999999999998 0.5276666671875 0.22825 0.5406666671875 0.24 0.5483333328125 0.24225 0.5523333328125 0.2415 0.5603333328125 0.2325 0.5660000000000001 0.2205 0.5643333328125 0.21349999999999997 0.5603333328125 0.20950000000000002 0.5643333328125 0.2015 0.5886666671875 0.193 0.6106666671875 0.1815 0.6233333328125 0.17124999999999999 0.6386666671875 0.154 0.64 0.15025 0.639 0.146 0.634 0.1385 0.6306666671875 0.13674999999999998 0.623 0.13574999999999998 0.6123333328125 0.13674999999999998 0.605 0.13325 0.6076666671875001 0.129 0.623 0.11850000000000001 0.641 0.0955 0.641 0.08375 0.6393333328125 0.08 0.6343333328125 0.07575 0.6293333328124999 0.075 0.6056666671875 0.076 0.595 0.0785 0.5690000000000001 0.08775 0.5429999999999999 0.099 0.517 0.1075 0.42366666718749996 0.12275 0.40800000000000003 0.124 0.356 0.11750000000000001 0.3266666671875 0.10900000000000001 0.3136666671875 0.09675 0.306 0.07975 0.309 0.0755 0.309 0.072 0.3066666671875 0.06825 0.30133333281249997 0.06425 0.2943333328125 0.060250000000000005 0.2783333328125 0.05625 0.2753333328125 0.05675 0.2723333328125 0.0595 0.2693333328125 0.068 0.2696666671875 0.08325 0.27599999999999997 0.11299999999999999 0.2756666671875 0.12525 0.2703333328125 0.13925
