2 0.6733333328125 0.701 0.6813333328125 0.701 0.6933333328125 0.6950000000000001 0.7036666671875 0.6865 0.712 0.6735 0.7136666671875 0.6575 0.7093333328125 0.645 0.7030000000000001 0.63825 0.697 0.63475 0.6769999999999999 0.628 0.6563333328125001 0.628 0.642 0.631 0.6306666671875 0.647 0.6273333328125 0.65675 0.6283333328125 0.67275 0.634 0.683 0.6503333328124999 0.6940000000000001 0.6733333328125 0.701
2 0.6706666671875 0.7755 0.6813333328125 0.77825 0.6896666671875 0.7777499999999999 0.7046666671875 0.7725 0.7150000000000001 0.76475 0.7256666671875001 0.75225 0.729 0.74075 0.7286666671875001 0.73375 0.7263333328125 0.728 0.7186666671874999 0.7195 0.6996666671875 0.7085 0.688 0.7035 0.682 0.70225 0.6736666671875 0.70175 0.658 0.70675 0.6446666671875 0.717 0.6386666671875 0.728 0.6373333328124999 0.7335 0.637 0.7445 0.6386666671875 0.752 0.6423333328124999 0.75825 0.6706666671875 0.7755
2 0.5586666671875 0.65075 0.5723333328125 0.6575 0.588 0.66075 0.5993333328125 0.661 0.6073333328125 0.6599999999999999 0.615 0.6575 0.6256666671875 0.65225 0.6373333328124999 0.63525 0.6403333328125 0.6224999999999999 0.6343333328125 0.6115 0.6206666671875001 0.59875 0.6103333328125 0.59475 0.5846666671875 0.59275 0.5690000000000001 0.5955 0.5546666671875 0.6025 0.5483333328125 0.61025 0.5436666671875 0.62325 0.5433333328125001 0.63375 0.5446666671875 0.63775 0.5493333328125 0.64375 0.5586666671875 0.65075
2 0.41566666718749995 0.6645 0.4233333328125 0.6679999999999999 0.43333333281249997 0.66925 0.4436666671875 0.66875 0.45899999999999996 0.66475 0.471 0.65825 0.4843333328125 0.6407499999999999 0.4836666671875 0.6235 0.4783333328125 0.611 0.4716666671875 0.6035 0.4623333328125 0.596 0.45066666718750004 0.591 0.4436666671875 0.58975 0.43099999999999994 0.58975 0.41166666718749995 0.59425 0.399 0.6035 0.3953333328125 0.61075 0.394 0.61775 0.394 0.635 0.3986666671875 0.6497499999999999 0.40533333281250006 0.657 0.41566666718749995 0.6645
2 0.6433333328125 0.62825 0.6626666671875 0.62675 0.6766666671875 0.62425 0.6936666671875 0.612 0.702 0.59975 0.702 0.59175 0.6990000000000001 0.58525 0.6873333328125 0.57125 0.6799999999999999 0.567 0.662 0.56075 0.6496666671875 0.5625 0.6356666671875 0.56825 0.619 0.579 0.613 0.588 0.6126666671875001 0.5940000000000001 0.6309013328125 0.60932275 0.6413333328124999 0.6275000000000001 0.6433333328125 0.62825
2 0.63 0.55675 0.6476666671875 0.5589999999999999 0.6559999999999999 0.558 0.6703333328125 0.55325 0.678 0.5467500000000001 0.687 0.53025 0.6883333328125001 0.521 0.683 0.50925 0.6733333328125 0.5015 0.6583333328125 0.4965 0.6456666671875 0.49574999999999997 0.6346666671875 0.497 0.6196666671875 0.501 0.6143333328125 0.5045 0.6086666671875001 0.50975 0.603 0.52575 0.6016666671875 0.53225 0.603 0.5377500000000001 0.6116666671875 0.54825 0.63 0.55675
2 0.6146666671875 0.49574999999999997 0.623 0.49800000000000005 0.6303333328125 0.4955 0.6388 0.49450000000000005 0.6543333328125 0.4955 0.6616666671875 0.49375 0.6733333328125 0.48250000000000004 0.6786666671875 0.47074999999999995 0.6776666671875 0.45675 0.673 0.45225 0.67 0.446 0.662 0.441 0.6486666671875 0.4385 0.6216666671875 0.43925000000000003 0.6073333328125 0.4425 0.5946666671874999 0.46299999999999997 0.5933333328125 0.46675000000000005 0.603 0.47325 0.609 0.47975 0.6146666671875 0.49574999999999997
2 0.611 0.43925000000000003 0.6146666671875 0.43975 0.631 0.43775000000000003 0.6553333328125001 0.4375 0.6683333328125001 0.4205 0.6719999999999999 0.41200000000000003 0.6686666671875 0.4035 0.6633333328125001 0.3975 0.6466666671875 0.39125 0.6363333328125 0.38925 0.6183333328125 0.3895 0.6083333328125 0.39125 0.5993333328125 0.397 0.593 0.40800000000000003 0.5926666671875 0.41224999999999995 0.6006666671875001 0.4175 0.6086666671875001 0.429 0.611 0.43925000000000003
2 0.5456666671875 0.46125 0.5483333328125 0.46349999999999997 0.5563333328125 0.4665 0.5876666671875 0.4655 0.5916666671875 0.46399999999999997 0.5996666671875001 0.45475000000000004 0.6096666671875 0.43550000000000005 0.608 0.42750000000000005 0.603 0.42000000000000004 0.5973333328125 0.41574999999999995 0.576 0.409 0.5583333328125 0.40650000000000003 0.5513333328125001 0.40650000000000003 0.5423333328125 0.40975 0.533 0.422 0.523 0.43075 0.5243333328124999 0.43550000000000005 0.5333333328125 0.44000000000000006 0.5393333328125001 0.44675000000000004 0.5456666671875 0.46125
2 0.47300000000000003 0.42725 0.4783333328125 0.43200000000000005 0.499 0.42774999999999996 0.5083333328124999 0.42824999999999996 0.517 0.43075 0.5213333328124999 0.43 0.532 0.422 0.5373333328125 0.41600000000000004 0.5406666671875 0.40824999999999995 0.541 0.40199999999999997 0.5383333328125001 0.38925 0.5346666671875 0.38375 0.5293333328125 0.37925 0.5233333328125 0.37575 0.5136666671875 0.3725 0.497 0.371 0.4863333328125 0.3725 0.47533333281249995 0.376 0.462 0.38475000000000004 0.4566666671875 0.391 0.45533333281250005 0.40049999999999997 0.4676666671875 0.41 0.4723333328125 0.41974999999999996 0.47300000000000003 0.42725
2 0.41166666718749995 0.4585 0.4233333328125 0.45675 0.44666666718750003 0.45775 0.4523333328125 0.45375 0.45933333281250005 0.4415 0.4683333328125 0.433 0.47133333281249995 0.42725 0.472 0.42225 0.46699999999999997 0.41100000000000003 0.4566666671875 0.40325 0.44733333281250004 0.39849999999999997 0.43533333281250003 0.396 0.42699999999999994 0.39575 0.42133333281249996 0.39649999999999996 0.41166666718749995 0.4 0.401889 0.41133325000000004 0.39 0.421 0.3886666671875 0.42525 0.3916666671875 0.44299999999999995 0.3983333328125 0.45149999999999996 0.4073333328125 0.457 0.41166666718749995 0.4585
2 0.47800000000000004 0.48758324999999997 0.4783333328125 0.49074999999999996 0.4863333328125 0.49450000000000005 0.515 0.492 0.538 0.47450000000000003 0.5426666671875 0.46325000000000005 0.5416666671875 0.45225 0.5383333328125001 0.44525 0.5313333328125001 0.43925000000000003 0.5216666671875 0.434 0.5056666671875 0.4295 0.49366666718749996 0.429 0.483 0.43174999999999997 0.477 0.43475 0.47000000000000003 0.43925000000000003 0.4603333328125 0.45325 0.4566666671875 0.46299999999999997 0.45933333281250005 0.46675000000000005 0.466 0.47050000000000003 0.47800000000000004 0.48758324999999997
2 0.40800000000000003 0.5207499999999999 0.426 0.52575 0.44299999999999995 0.526 0.45866666718750004 0.5207499999999999 0.4683333328125 0.51425 0.4766666671875 0.502 0.476 0.48674999999999996 0.46799999999999997 0.47424999999999995 0.45466666718750004 0.46399999999999997 0.44000000000000006 0.45875000000000005 0.42300000000000004 0.458 0.409 0.4615 0.40033333281249994 0.46675000000000005 0.3916666671875 0.47675 0.39 0.48175 0.3903333328125 0.5025000000000001 0.3936666671875 0.511 0.40033333281249994 0.51675 0.40800000000000003 0.5207499999999999
2 0.4943333328125 0.5595 0.5033333328125 0.5605 0.5153333328125 0.55975 0.533 0.5545 0.5473333328125001 0.54075 0.5486666671875 0.538 0.55 0.5205 0.5446666671875 0.51 0.5403333328125 0.5055 0.529 0.49824999999999997 0.5133333328125 0.49424999999999997 0.507 0.49349999999999994 0.495 0.49424999999999997 0.4806666671875 0.49974999999999997 0.462 0.5237499999999999 0.46266666718750005 0.5345 0.47066666718750005 0.54775 0.48266666718750006 0.55625 0.4943333328125 0.5595
2 0.5516666671875 0.5237499999999999 0.5556666671875 0.526 0.5673333328125 0.5277499999999999 0.5843333328125 0.526 0.5953333328125 0.521 0.6023333328125 0.516 0.611 0.5055 0.613 0.492 0.6083333328125 0.47824999999999995 0.5986666671875 0.47050000000000003 0.591 0.46775 0.5806666671875 0.46624999999999994 0.5696666671874999 0.4665 0.5516666671875 0.46925 0.5389999999999999 0.47675 0.5306666671875 0.48875 0.5296666671875 0.49800000000000005 0.5426666671875 0.507 0.5493333328125 0.5157499999999999 0.5516666671875 0.5237499999999999
2 0.5756666671875 0.34725 0.6086666671875001 0.3465 0.6133333328125 0.3435 0.6186666671875 0.33375 0.62 0.327 0.6173333328124999 0.3175 0.6096666671875 0.30625 0.5963333328125 0.2975 0.5786666671875 0.294 0.5693333328125 0.2945 0.561 0.29775 0.5446666671875 0.3145 0.5389999999999999 0.32275 0.5376666671875 0.3295 0.5389999999999999 0.33399999999999996 0.548 0.34425 0.5756666671875 0.34725
2 0.6203333328125 0.3285 0.6196666671875 0.33399999999999996 0.6223333328125 0.33599999999999997 0.634 0.33875 0.6493333328124999 0.33825 0.6586666671875 0.33475 0.6693333328125 0.3265 0.671 0.32275 0.6696666671875 0.3065 0.6656666671875 0.28650000000000003 0.6616666671875 0.27999999999999997 0.6446666671875 0.2765 0.6266666671875 0.27825 0.6213333328124999 0.28275 0.6106666671875 0.296 0.606 0.29874999999999996 0.6046666671875001 0.3025 0.6116666671875 0.3085 0.6183333328125 0.31975 0.6203333328125 0.3285
2 0.5553333328125001 0.3 0.5733333328125 0.29375 0.5836666671875 0.294 0.5916666671875 0.296 0.5936666671874999 0.29525 0.6 0.29100000000000004 0.6023333328125 0.28700000000000003 0.606 0.27375 0.6043333328125 0.26325 0.6013333328125 0.25875 0.5926666671875 0.25125000000000003 0.5763333328125 0.244 0.568 0.24275000000000002 0.5559999999999999 0.2445 0.5456666671875 0.24975 0.5326666671875 0.26575000000000004 0.5303333328125001 0.27125 0.5306666671875 0.27949999999999997 0.5356666671875 0.28675 0.5476666671875 0.29700000000000004 0.5553333328125001 0.3
2 0.46666666718750005 0.337 0.47300000000000003 0.33525 0.48266666718750006 0.32825000000000004 0.49133333281249997 0.315 0.49066666718749996 0.3065 0.4843333328125 0.296 0.47066666718750005 0.2815 0.45599999999999996 0.27875 0.44666666718750003 0.27949999999999997 0.43499999999999994 0.28275 0.4226666671875 0.28925 0.4216666671875 0.29275 0.42366666718749996 0.2985 0.4373333328125 0.312 0.46666666718750005 0.337
2 0.41600000000000004 0.27425 0.41966666718749995 0.27599999999999997 0.4233333328125 0.28475 0.4273333328125 0.28575 0.4346666671875 0.28250000000000003 0.44733333281250004 0.27925 0.46333333281250005 0.27925 0.4726666671875 0.272 0.477 0.26375000000000004 0.4766666671875 0.252 0.4716666671875 0.24 0.45533333281250005 0.2285 0.44333333281250004 0.22475 0.43233333281249997 0.22549999999999998 0.42033333281249996 0.22799999999999998 0.40800000000000003 0.23525000000000001 0.40033333281249994 0.2465 0.3983333328125 0.2525 0.398 0.26 0.403 0.271 0.40800000000000003 0.275 0.41600000000000004 0.27425
2 0.471 0.238 0.47766666718749995 0.24025 0.48666666718749996 0.24025 0.4933333328125 0.23875000000000002 0.4993333328125 0.23650000000000002 0.508 0.23075 0.5146666671875 0.22374999999999998 0.523 0.20550000000000002 0.5213333328124999 0.197 0.5136666671875 0.18625 0.5013333328125 0.1765 0.4926666671875 0.1715 0.48566666718749996 0.1695 0.4763333328125 0.17075 0.4703333328125 0.17024999999999998 0.45499999999999996 0.17625 0.4423333328125 0.189 0.43666666718749997 0.20074999999999998 0.43666666718749997 0.21375000000000002 0.4413333328125 0.2225 0.4583333328125 0.229 0.471 0.238
2 0.5136666671875 0.26725 0.533 0.2605 0.545981 0.24680325 0.5469693328125 0.23457425 0.5403333328125 0.21949999999999997 0.5313333328125001 0.21075 0.5256666671875 0.20750000000000002 0.5236666671875 0.20775000000000002 0.5213333328124999 0.21025 0.5193333328125 0.21749999999999997 0.5146666671875 0.2245 0.5036666671875001 0.23424999999999999 0.4903333328125 0.2395 0.48266666718750006 0.2405 0.4733333328125 0.2395 0.47933333281249996 0.26349999999999996 0.48566666718749996 0.26775000000000004 0.49366666718749996 0.26949999999999996 0.5136666671875 0.26725
2 0.5463333328125 0.24375 0.5486666671875 0.24625 0.5593333328125001 0.24325000000000002 0.5667333328125 0.24275000000000002 0.5736666671874999 0.24325000000000002 0.588 0.248 0.592 0.2465 0.6056666671875 0.23575 0.6123333328125 0.22825 0.6113333328125 0.2205 0.6006666671875001 0.20074999999999998 0.593 0.19424999999999998 0.5843333328125 0.19225 0.5650000000000001 0.19325 0.5383333328125001 0.20375000000000001 0.5343333328125001 0.20800000000000002 0.5323333328125 0.213 0.5416666671875 0.22200000000000003 0.5453333328125 0.23174999999999998 0.5463333328125 0.24375
2 0.6113333328125 0.28325 0.615 0.28450000000000003 0.619 0.284 0.624 0.27975 0.6353333328125 0.27625 0.6443333328125 0.27575 0.658 0.277 0.662 0.2725 0.6623333328125 0.26225 0.658 0.23975 0.6559999999999999 0.2355 0.646 0.22799999999999998 0.6353333328125 0.22525 0.619 0.2265 0.5933333328125 0.24625 0.593 0.252 0.604 0.264 0.6066666671875 0.27925 0.6113333328125 0.28325
2 0.5776666671874999 0.156 0.5953333328125 0.16 0.607 0.15825 0.6233333328125 0.15025 0.6306666671875 0.14325000000000002 0.6386666671875 0.132 0.6376666671875 0.1145 0.631 0.10124999999999999 0.6186666671875 0.0945 0.6033333328125 0.09175 0.5873333328125 0.0945 0.5793333328125 0.09825 0.5650000000000001 0.11000000000000001 0.5593333328125001 0.12250000000000001 0.5589999999999999 0.135 0.5626666671875 0.14625 0.5706666671875 0.1525 0.5776666671874999 0.156
2 0.5933333328125 0.191 0.5983333328125 0.19325 0.6126666671875001 0.19475 0.6313333328125 0.1925 0.6393333328125 0.19 0.6463333328124999 0.18475 0.6476666671875 0.182 0.6463333328124999 0.16175 0.6426666671875 0.14575 0.639 0.13899999999999998 0.6343333328125 0.14025 0.6216666671875 0.151 0.607 0.158 0.588 0.16175 0.5933333328125 0.17275000000000001 0.591 0.18525 0.5916666671875 0.18875 0.5933333328125 0.191
2 0.537 0.20274999999999999 0.541 0.20299999999999999 0.5683333328125 0.1925 0.5836666671875 0.19225 0.5883333328125 0.18975 0.5933333328125 0.17775000000000002 0.5933333328125 0.17275000000000001 0.5903333328125 0.1645 0.5856666671874999 0.16025 0.5643333328125 0.14950000000000002 0.5523333328125 0.14750000000000002 0.5416666671875 0.14925 0.5349999999999999 0.15325 0.5246666671875 0.16275 0.5253333328124999 0.16924999999999998 0.53 0.17350000000000002 0.536 0.18525 0.537 0.20274999999999999
2 0.41200000000000003 0.229 0.41566666718749995 0.22925 0.4373333328125 0.22400000000000003 0.44066666718749997 0.22125 0.4373333328125 0.217 0.4363333328125 0.21225 0.4373333328125 0.1985 0.442 0.18875 0.4526666671875 0.1775 0.43566666718749997 0.17225 0.4286666671875 0.17099999999999999 0.41966666718749995 0.1715 0.4066666671875 0.1775 0.3996666671875 0.18475 0.3936666671875 0.194 0.3926666671875 0.19875 0.3943333328125 0.21000000000000002 0.4 0.21875 0.41200000000000003 0.229
2 0.40766666718750005 0.17525 0.4193333328125 0.17124999999999999 0.429 0.17075 0.4516666671875 0.1755 0.4643333328125 0.1705 0.46966666718749994 0.16575 0.47000000000000003 0.14650000000000002 0.4676666671875 0.14250000000000002 0.45933333281250005 0.13274999999999998 0.45099999999999996 0.1285 0.44299999999999995 0.12625 0.43099999999999994 0.12525 0.4153333328125 0.12875 0.404 0.1375 0.3963333328125 0.14675 0.395 0.1505 0.395 0.1575 0.3983333328125 0.16599999999999998 0.40433333281249995 0.174 0.40766666718750005 0.17525
2 0.4153333328125 0.12875 0.433 0.12475 0.4443333328125 0.12625 0.45866666718750004 0.131 0.4676666671875 0.12250000000000001 0.472 0.11525 0.47066666718750005 0.1035 0.46166666718749994 0.095 0.46266666718750005 0.0915 0.45866666718750004 0.08575 0.45133333281250004 0.0805 0.4443333328125 0.07925 0.4266666671875 0.07925 0.41966666718749995 0.08025 0.40800000000000003 0.08425 0.4 0.09 0.3963333328125 0.095 0.3926666671875 0.10625 0.3923333328125 0.11125 0.396 0.12025 0.40800000000000003 0.13325 0.4153333328125 0.12875
2 0.42511099999999996 0.079 0.44000000000000006 0.0785 0.45466666718750004 0.07975 0.46299999999999997 0.076 0.46399999999999997 0.06825 0.46266666718750005 0.05775 0.45899999999999996 0.0485 0.45133333281250004 0.040999999999999995 0.44166666718750003 0.037 0.4346666671875 0.0355 0.4226666671875 0.03425 0.41600000000000004 0.034749999999999996 0.40800000000000003 0.03725 0.403 0.0405 0.3963333328125 0.0475 0.392 0.0615 0.3933333328125 0.07275000000000001 0.40099999999999997 0.08575 0.40433333281249995 0.086 0.42511099999999996 0.079
2 0.472 0.16375 0.47466666718750006 0.16375 0.4773333328125 0.162 0.49400000000000005 0.157 0.49833333281250003 0.15675 0.5113333328125 0.15775 0.522 0.16275 0.5269999999999999 0.15725 0.5323333328125 0.15425 0.5343333328125001 0.1505 0.5343333328125001 0.14550000000000002 0.5313333328125001 0.13774999999999998 0.5213333328124999 0.12575 0.5106666671875 0.119 0.49400000000000005 0.11225 0.4846666671875 0.11325 0.4756666671875 0.11599999999999999 0.466 0.12575 0.462 0.1325 0.4613333328125 0.1345 0.46799999999999997 0.14375 0.4703333328125 0.162 0.472 0.16375
2 0.526 0.12425 0.5446666671875 0.12450000000000001 0.5556666671875 0.121 0.5603333328125 0.11699999999999999 0.5646666671875 0.1075 0.5676666671875 0.08325 0.5653333328125 0.076 0.5623333328125 0.072 0.5486666671875 0.06375 0.5296666671875 0.06 0.5173333328124999 0.0615 0.4943333328125 0.0705 0.4876666671875 0.0775 0.4836666671875 0.0865 0.4843333328125 0.096 0.49000000000000005 0.10874999999999999 0.5153333328125 0.121 0.526 0.12425
2 0.47066666718750005 0.0715 0.48733333281249996 0.06525 0.49866666718749997 0.06575 0.5056666671875 0.06475 0.518 0.060250000000000005 0.5173333328124999 0.052000000000000005 0.5106666671875 0.040999999999999995 0.5006666671875 0.03175 0.4886666671875 0.025 0.47933333281249996 0.02425 0.475 0.02525 0.45366666718750004 0.04 0.453 0.041249999999999995 0.462 0.05500000000000001 0.46666666718750005 0.07125000000000001 0.47066666718750005 0.0715
2 0.5813333328125 0.0955 0.604 0.0915 0.618 0.09325 0.6253333328124999 0.09575 0.627 0.09825 0.631 0.0975 0.633 0.09125 0.6326666671875001 0.08325 0.6306666671875 0.068 0.6263333328125 0.060750000000000005 0.6073333328125 0.052500000000000005 0.5966666671875 0.050749999999999997 0.5843333328125 0.052000000000000005 0.5756666671875 0.05600000000000001 0.572 0.06 0.5716666671875 0.0645 0.5763333328125 0.06999999999999999 0.5806666671875 0.0785 0.5813333328125 0.0955
