11 0.41331375000000004 0.47538833281250004 0.35421 0.4730113328125 0.3410455 0.513968 0.34762775 0.6809023328125 0.41070825 0.6816340000000001 0.41386225000000004 0.6626183328125 0.41331375000000004 0.47538833281250004
11 0.34507374999999996 0.4809236671875 0.2905 0.481 0.27125 0.513 0.2822115 0.6792646671875 0.3466205 0.681128 0.336356 0.5148256671875 0.34507374999999996 0.4809236671875
11 0.42422000000000004 0.4726996671875 0.41675000000000006 0.516 0.42191599999999996 0.6789056671875 0.4852755 0.6785216671875001 0.48354749999999996 0.4719316671875 0.42422000000000004 0.4726996671875
11 0.54834675 0.4807633328125 0.4864275 0.4803793328125 0.4852755 0.513787 0.48674999999999996 0.6773333328125 0.55065075 0.6789056671875 0.55036275 0.513787 0.54834675 0.4807633328125
11 0.55727475 0.4719316671875 0.55727475 0.49650733281250004 0.55468275 0.6731456671875 0.61343425 0.6758336671875 0.61919425 0.49535533281250005 0.6142982499999999 0.4719316671875 0.55727475 0.4719316671875
11 0.76364725 0.5055993328125 0.74877675 0.4741086671875 0.687545 0.4729423328125 0.68360875 0.5085149999999999 0.6822965 0.629229 0.6866702499999999 0.665385 0.750089 0.6665513328125 0.76364725 0.5055993328125
11 0.8318712500000001 0.504087 0.8104592500000001 0.47468533281249997 0.75037775 0.47425933281250005 0.76539825 0.5066436671875 0.7513365000000001 0.6664343328125 0.813655 0.6672866671875 0.8318712500000001 0.504087
11 0.5671484999999999 0.7943296671875 0.5192545 0.7943296671875 0.52028825 0.9344513328125 0.5750735 0.9358296671874999 0.57714075 0.8770243328125 0.5671484999999999 0.7943296671875
11 0.693 0.877 0.670979 0.7983273328125 0.62275375 0.796657 0.6363235 0.875432 0.6335 0.9279999999999999 0.63360975 0.9336086671875 0.6885155000000001 0.9361140000000001 0.693 0.877
11 0.63537175 0.8751866671874999 0.6198665 0.797086 0.569216 0.7961673328125001 0.57920825 0.8733489999999999 0.57645175 0.9289383328125 0.63192625 0.9321543328124999 0.63537175 0.8751866671874999
11 0.75407775 0.939932 0.7544075 0.8812409999999999 0.722754 0.8005686671875001 0.672636 0.7983706671874999 0.69373825 0.8819006671875 0.69159525 0.9142136671875001 0.69868425 0.9438886671875 0.75407775 0.939932
11 0.5160852499999999 0.7938513328125001 0.468468 0.7926843328125 0.46251600000000004 0.8802156671875 0.46531700000000004 0.9360023328124999 0.5187109999999999 0.9350686671874999 0.518361 0.878582 0.5160852499999999 0.7938513328125001
11 0.45837300000000003 0.8868213328125 0.46451374999999995 0.792856 0.41670274999999996 0.7911016671875 0.3944785 0.8774636671874999 0.39769525 0.9351686671874999 0.45018525 0.9386776671874999 0.45837300000000003 0.8868213328125
11 0.3974635 0.9340586671875 0.3944855 0.8775506671875 0.41006325 0.8185993328125001 0.37043149999999997 0.8210430000000001 0.3463775 0.9392513328125001 0.35210474999999997 0.9920936671874999 0.4050235 0.991788 0.40181625 0.9380293328124999 0.3974635 0.9340586671875
