4 0.38375 0.51662174375 0.40625 0.5435759203125 0.43125 0.5606469 0.45499999999999996 0.56783468125 0.500625 0.5660377359375001 0.528125 0.5561545375 0.546875 0.5444743937500001 0.578125 0.5094339625 0.593125 0.47529200312500003 0.595625 0.458221025 0.594375 0.42767295625 0.589375 0.41060197656249997 0.5775 0.381850853125 0.5625 0.3602875109375 0.5225 0.327044025 0.48 0.31266846406250004 0.44625000000000004 0.3135669359375 0.42374999999999996 0.32165318906249996 0.405625 0.3333333328125 0.37687499999999996 0.3683737640625 0.369375 0.384546271875 0.36124999999999996 0.41599281250000003 0.36062500000000003 0.4420485171875 0.36375 0.46720575000000003 0.369375 0.48787062031249995 0.38375 0.51662174375
4 0.29874999999999996 0.56783468125 0.3175 0.5732255171875 0.38 0.5507637015625 0.395 0.536388140625 0.369375 0.489667565625 0.36312500000000003 0.4690026953125 0.36 0.4411500453125 0.36124999999999996 0.4150943390625 0.3675 0.38993710625 0.37875000000000003 0.3638814015625 0.39249999999999996 0.3441150046875 0.3825 0.32884097031250004 0.368125 0.3171608265625 0.351875 0.31087151875 0.320625 0.31087151875 0.305625 0.3180592984375 0.2875 0.3333333328125 0.26937500000000003 0.361185984375 0.2575 0.3953279421875 0.25375000000000003 0.4177897578125 0.253125 0.459119496875 0.26437499999999997 0.5112309078124999 0.28625 0.5552560640624999 0.29874999999999996 0.56783468125
4 0.21937500000000001 0.3333333328125 0.23562500000000003 0.3414195859375 0.25187499999999996 0.34231805937500004 0.26 0.3414195859375 0.29125 0.3180592984375 0.3225 0.30278526562499997 0.34562499999999996 0.27313566875 0.353125 0.21293800468750002 0.353125 0.1886792453125 0.35 0.159928121875 0.344375 0.1419586703125 0.32375 0.106019765625 0.3025 0.0871518421875 0.286875 0.08086253437499999 0.255 0.0799640609375 0.22000000000000003 0.0988319859375 0.2 0.1257861640625 0.18125 0.1689128484375 0.17375000000000002 0.20754717031249997 0.175625 0.2569631625 0.18625 0.2946990109375 0.196875 0.311769990625 0.21937500000000001 0.3333333328125
4 0.10625 0.53998203125 0.143125 0.5390835578125001 0.18125 0.5552560640624999 0.190625 0.5543575921875 0.20875 0.5336927218749999 0.221875 0.49326145625000006 0.22625 0.4447439359375 0.225 0.39892183281250004 0.206875 0.3414195859375 0.1925 0.3135669359375 0.1775 0.29919137500000004 0.16499999999999998 0.295597484375 0.138125 0.29649595624999997 0.12375 0.3036837375 0.11000000000000001 0.31626235468749997 0.09812499999999999 0.33153638750000003 0.08562499999999999 0.35759209375 0.078125 0.384546271875 0.074375 0.41958670312499996 0.07375000000000001 0.435759209375 0.08 0.48517520156250005 0.09 0.5121293796875 0.10625 0.53998203125
4 0.10687500000000001 0.8050314468750001 0.11374999999999999 0.8032345015625 0.138125 0.8203054812499999 0.16499999999999998 0.8274932609375 0.18375 0.8247978437500001 0.209375 0.8113207546875 0.225 0.7915543578124999 0.23312499999999997 0.7717879609375 0.24125000000000002 0.71248876875 0.240625 0.6900269546875 0.234375 0.6576819406250001 0.2225 0.6217430375 0.21000000000000002 0.5965858046875 0.1875 0.5660377359375001 0.17375000000000002 0.5543575921875 0.14750000000000002 0.5417789749999999 0.12062500000000001 0.53998203125 0.104375 0.5444743937500001 0.08875 0.5552560640624999 0.07375000000000001 0.5714285718750001 0.061875 0.594788859375 0.05437499999999999 0.61904761875 0.05125 0.6469002703125 0.052500000000000005 0.6819407015625 0.06 0.7169811328125 0.08375 0.7708894875000001 0.10687500000000001 0.8050314468750001
4 0.26625 0.8580413296874999 0.28375 0.872416890625 0.30125 0.8778077265625001 0.3375 0.8733153640625 0.36 0.8625336921875 0.384375 0.8409703500000001 0.4125 0.7987421390625 0.425 0.7681940703125 0.433125 0.7367475296875 0.43562500000000004 0.70350404375 0.43187499999999995 0.6603773578125 0.41624999999999995 0.6136567828125 0.395625 0.58849955 0.36625 0.5750224625 0.34375 0.5750224625 0.325625 0.580413296875 0.305 0.5929919140625 0.28875 0.6091644203125 0.2625 0.6495956875 0.248125 0.6873315359375 0.238125 0.7448337828125 0.238125 0.7798742140625 0.2425 0.8068283921875 0.25125000000000003 0.8328840968750001 0.26625 0.8580413296874999
4 0.361875 0.30188679218750003 0.3675 0.314465409375 0.39625 0.3405211140625 0.415625 0.3252470796875 0.43562500000000004 0.31536388125000003 0.45562500000000006 0.31087151875 0.49124999999999996 0.31087151875 0.5025000000000001 0.2866127578125 0.5081249999999999 0.23450134843749998 0.506875 0.1967654984375 0.495625 0.1464510328125 0.48312499999999997 0.1194968546875 0.46875 0.0988319859375 0.449375 0.08265947812499999 0.434375 0.0763701703125 0.40437500000000004 0.0790655890625 0.381875 0.094339621875 0.355 0.140161725 0.35125 0.15184186875 0.35375 0.17789757343749998 0.35375 0.25606469062500004 0.361875 0.30188679218750003
4 0.55375 0.346810421875 0.5806250000000001 0.384546271875 0.5900000000000001 0.40790655937500003 0.5962500000000001 0.43396226406249994 0.595625 0.47529200312500003 0.629375 0.46001796875 0.653125 0.4375561546875 0.678125 0.396226415625 0.6875 0.3566936203125 0.6875 0.3099730453125 0.6775 0.2749326140625 0.6575 0.2461814921875 0.6287499999999999 0.22641509375000002 0.588125 0.22371967656249997 0.5575 0.2353998203125 0.53 0.2569631625 0.50125 0.29649595624999997 0.49812500000000004 0.30278526562499997 0.49874999999999997 0.3135669359375 0.5131249999999999 0.3171608265625 0.55375 0.346810421875
4 0.690625 0.3180592984375 0.6912499999999999 0.3522012578125 0.7175 0.3737646 0.7375 0.3836477984375 0.756875 0.3836477984375 0.7693749999999999 0.377358490625 0.7787499999999999 0.3674752921875 0.7925 0.327044025 0.8087500000000001 0.29649595624999997 0.8237500000000001 0.2785265046875 0.82 0.2362982921875 0.80375 0.1868823 0.7787499999999999 0.1446540875 0.7631249999999999 0.12848158125 0.745625 0.11680143750000001 0.724375 0.10961365625 0.711875 0.10961365625 0.6799999999999999 0.1230907453125 0.65625 0.1500449234375 0.645 0.17789757343749998 0.641875 0.19407008125 0.63875 0.2273135671875 0.67 0.2551662171875 0.6837500000000001 0.28301886718749997 0.690625 0.3180592984375
4 0.83625 0.5193171609375 0.8525 0.5265049421875 0.890625 0.5265049421875 0.921875 0.5085354890625 0.9481249999999999 0.47439353124999994 0.963125 0.41958670312499996 0.9625 0.36477987343749996 0.953125 0.32614555312500004 0.9356249999999999 0.29919137500000004 0.920625 0.2848158125 0.88125 0.265049415625 0.8625 0.26415094375 0.840625 0.26954177968750004 0.8168749999999999 0.288409703125 0.795 0.3225516625 0.786875 0.34501347656250003 0.780625 0.377358490625 0.7825 0.4303683734375 0.795 0.4690026953125 0.8162499999999999 0.5031446546875 0.83625 0.5193171609375
4 0.63 0.7484276734375 0.6487499999999999 0.7654986515625 0.67375 0.774483378125 0.69375 0.774483378125 0.719375 0.762803234375 0.74375 0.7421383640625 0.76125 0.7151841875 0.78125 0.66127583125 0.7893749999999999 0.6127583109375 0.790625 0.5651392625 0.786875 0.5354896671875 0.780625 0.513027853125 0.765625 0.489667565625 0.7474999999999999 0.47529200312500003 0.716875 0.47169811250000004 0.684375 0.4842767296875 0.651875 0.513926325 0.625 0.5543575921875 0.609375 0.592093440625 0.6025 0.629829290625 0.6025 0.672955975 0.60875 0.7061994609375 0.6174999999999999 0.7286612765625 0.63 0.7484276734375
4 0.545625 0.9595687328125001 0.571875 0.9829290203125 0.60375 0.9928122187499999 0.631875 0.991913746875 0.6575 0.9847259656249999 0.69625 0.96046720625 0.71375 0.9442946984375 0.7262500000000001 0.925426775 0.73375 0.9083557953125 0.7381249999999999 0.8814016171875 0.734375 0.849056603125 0.72 0.8158131171875 0.711875 0.8086253375 0.608125 0.75471698125 0.593125 0.755615453125 0.5725 0.7637017078125 0.540625 0.790655884375 0.5237499999999999 0.8194070078125 0.516875 0.8409703500000001 0.514375 0.8661275828124999 0.514375 0.8858939796874999 0.52125 0.9164420484375 0.5325 0.9407008093749999 0.545625 0.9595687328125001
4 0.45187499999999997 0.6918238999999999 0.468125 0.71248876875 0.49124999999999996 0.7286612765625 0.505 0.7340521109375 0.529375 0.73584905625 0.553125 0.727762803125 0.57875 0.7053009890624999 0.5962500000000001 0.66127583125 0.60375 0.6010781671875 0.6025 0.5840071874999999 0.594375 0.5543575921875 0.583125 0.53009883125 0.5756249999999999 0.52111410625 0.571875 0.5202156328124999 0.551875 0.540880503125 0.535625 0.5516621749999999 0.5025000000000001 0.5660377359375001 0.464375 0.568733153125 0.4325 0.5624438453125 0.428125 0.583108715625 0.42874999999999996 0.6208445640625 0.4375 0.6603773578125 0.44437499999999996 0.676549865625 0.45187499999999997 0.6918238999999999
