3 0.421875 0.4578125 0.4671875 0.4984375 0.58125 0.55 0.6796875 0.5734375 0.7625 0.5765625 0.80625 0.553125 0.8109375 0.5296875 0.8078125 0.4796875 0.790625 0.46875 0.5171875 0.28125 0.475 0.2875 0.4390625 0.3078125 0.4078125 0.3390625 0.4 0.35 0.4 0.3953125 0.4078125 0.4265625 0.421875 0.4578125
3 0.3640625 0.5703125 0.3875 0.5640625 0.421875 0.54375 0.4265625 0.5109375 0.4234375 0.4734375 0.36875 0.325 0.3453125 0.278125 0.321875 0.2546875 0.309375 0.225 0.2984375 0.215625 0.2828125 0.2171875 0.2765625 0.2359375 0.2734375 0.2828125 0.2953125 0.5328125 0.3109375 0.5640625 0.3640625 0.5703125
3 0.3515625 0.8125 0.371875 0.815625 0.403125 0.8046875 0.434375 0.78125 0.44375 0.75625 0.4375 0.69375 0.390625 0.6125 0.353125 0.5984375 0.340625 0.5703125 0.309375 0.5640625 0.3015625 0.56875 0.2828125 0.64375 0.2828125 0.6828125 0.29375 0.7484375 0.3265625 0.7984375 0.3515625 0.8125
3 0.2984375 0.1671875 0.3125 0.1859375 0.359375 0.215625 0.4375 0.253125 0.515625 0.275 0.5328125 0.25625 0.5453125 0.2171875 0.5484375 0.16875 0.5340906249999999 0.14630625 0.3078125 0.078125 0.2703125 0.0671875 0.2375 0.0671875 0.20625 0.0859375 0.203125 0.096875 0.2078125 0.10625 0.23125 0.1296875 0.2984375 0.1671875
3 0.18125 0.5515625 0.203125 0.5127843750000001 0.1875 0.475 0.1671875 0.4640625 0.096590625 0.453125 0.0234375 0.4640625 0.003125 0.4640625 0.0 0.5823859375 0.0578125 0.5890625 0.1265625 0.5828125 0.18125 0.5515625
3 0.1546875 0.36875 0.165625 0.2859375 0.121875 0.2796875 0.0640625 0.2859375 0.01875 0.3109375 0.015625 0.3625 0.028125 0.3828125 0.1375 0.3765625 0.1546875 0.36875
3 0.1515625 0.7078125 0.1765625 0.7359375 0.2203125 0.7453125 0.2359375 0.7421875 0.2578125 0.7078125 0.278125 0.6609375 0.3015625 0.559375 0.290625 0.521875 0.284375 0.3640625 0.2703125 0.3296875 0.2046875 0.5359375 0.1828125 0.590625 0.1640625 0.61875 0.1515625 0.6640625 0.1515625 0.7078125
3 0.7921875 0.26875 0.846875 0.2625 0.8765625 0.2390625 0.88125 0.2203125 0.8515625 0.2015625 0.7727265625 0.19318125 0.6796875 0.1578125 0.621875 0.1515625 0.603125 0.153125 0.5796875 0.16875 0.5640625 0.184375 0.54375 0.228125 0.540625 0.2546875 0.575 0.278125 0.753125 0.2828125 0.7921875 0.26875
3 0.5328125 0.0 0.5328125 0.00625 0.5578125 0.04375 0.56875 0.071875 0.59375 0.0953125 0.6328125 0.1515625 0.665625 0.16875 0.6890625 0.184375 0.759375 0.19375 0.759375 0.1578125 0.7171875 0.1 0.6859375 0.0703125 0.5859375 0.0 0.5328125 0.0
3 0.621875 0.6421875 0.6109375 0.5984375 0.609375 0.559375 0.590625 0.546875 0.4140625 0.553125 0.3765625 0.5671875 0.3484375 0.5703125 0.3484375 0.5953125 0.3875 0.6140625 0.559375 0.640625 0.621875 0.6421875
