4 0.125 0.6791604203125 0.13999999999999999 0.6926536734375001 0.159 0.697151425 0.192 0.688155921875 0.22799999999999998 0.6506746625 0.254 0.5907046484375 0.262 0.535232384375 0.256 0.4662668671875 0.24 0.439280359375 0.225 0.42728635625000005 0.197 0.42428785625 0.176 0.43328335781250005 0.154 0.4527736125 0.126 0.4917541234375 0.10200000000000001 0.5562218890625 0.099 0.6011993999999999 0.10300000000000001 0.6326836578125 0.11200000000000002 0.6596701656249999 0.125 0.6791604203125
4 0.101 0.9325337328125001 0.127 0.9415292359375 0.16 0.938530734375 0.193 0.9160419796875001 0.21600000000000003 0.8785607203125 0.22000000000000003 0.8335832078125 0.213 0.7916041984375 0.195 0.7556221890625 0.16899999999999998 0.7316341828125 0.11599999999999999 0.7166416796874999 0.072 0.72563718125 0.048 0.7466266859374999 0.032 0.7841079453125 0.03 0.815592203125 0.040999999999999995 0.865067465625 0.065 0.9040479765624999 0.101 0.9325337328125001
4 0.335 0.31934032968750004 0.34900000000000003 0.32983508281249996 0.374 0.33433283281250004 0.42000000000000004 0.311844078125 0.437 0.287856071875 0.45 0.236881559375 0.449 0.1919040484375 0.43600000000000005 0.1469265375 0.41100000000000003 0.110944528125 0.381 0.0959520234375 0.344 0.101949025 0.319 0.12293853125000001 0.298 0.1679160421875 0.29100000000000004 0.1949025484375 0.29700000000000004 0.2503748125 0.315 0.2953523234375 0.335 0.31934032968750004
4 0.532 0.260869565625 0.575 0.2323838078125 0.591 0.1994003 0.5980000000000001 0.164917540625 0.596 0.11244377812499999 0.583 0.07646176875 0.5599999999999999 0.0449775109375 0.53 0.028485757812500002 0.506 0.028485757812500002 0.47400000000000003 0.0554722640625 0.457 0.09295352343749999 0.45099999999999996 0.1304347828125 0.45599999999999996 0.1964017984375 0.47400000000000003 0.22788605624999997 0.519 0.2593703140625 0.532 0.260869565625
4 0.613 0.0 0.602 0.035982009375 0.602 0.0944527734375 0.616 0.1424287859375 0.626 0.1574212890625 0.669 0.18590704687499998 0.6950000000000001 0.184407796875 0.718 0.1664167921875 0.741 0.1289355328125 0.754 0.0809595203125 0.755 0.0419790109375 0.747 0.0 0.613 0.0
4 0.899 0.3208395796875 0.9339999999999999 0.3058470765625 0.9630000000000001 0.2698650671875 0.9789999999999999 0.22188905625 0.9800000000000001 0.17691154375 0.97 0.136431784375 0.952 0.109445278125 0.925 0.0914542734375 0.8939999999999999 0.089955021875 0.874 0.097451275 0.849 0.12143927968749998 0.833 0.1484257875 0.819 0.1964017984375 0.82 0.2563718140625 0.8300000000000001 0.28335832031249997 0.874 0.3178410796875 0.899 0.3208395796875
4 0.722 0.3988006 0.747 0.3988006 0.776 0.3808095953125 0.796 0.3508245875 0.8109999999999999 0.301349325 0.8109999999999999 0.26236881562500003 0.799 0.2158920546875 0.78 0.187406296875 0.755 0.17241379375000002 0.7230000000000001 0.1709145421875 0.696 0.187406296875 0.675 0.2158920546875 0.662 0.25787106406250004 0.6599999999999999 0.3058470765625 0.671 0.3493253375 0.689 0.37481259375 0.722 0.3988006
4 0.553 0.4692653671875 0.592 0.47676161875 0.614 0.4677661171875 0.64 0.43778110937500003 0.654 0.40329835156250005 0.6599999999999999 0.3538230890625 0.654 0.31034482812499997 0.638333 0.27336281875 0.608 0.24137931093749998 0.572 0.236881559375 0.545 0.2503748125 0.52 0.28335832031249997 0.508 0.3208395796875 0.506 0.3703148421875 0.514 0.412293853125 0.528 0.4422788609375 0.553 0.4692653671875
4 0.41500000000000004 0.560719640625 0.44299999999999995 0.5592203890625 0.46799999999999997 0.5442278859375 0.493 0.5052473765625 0.504 0.461769115625 0.503 0.4092953515625 0.49000000000000005 0.364317840625 0.466 0.33283358281250003 0.441 0.3178410796875 0.40499999999999997 0.3163418296875 0.375 0.337331334375 0.352 0.37631184375000004 0.344 0.412293853125 0.343 0.4587706140625 0.351 0.4962518734375 0.376 0.538230884375 0.41500000000000004 0.560719640625
4 0.45899999999999996 0.7961019484375 0.495 0.7976012 0.523 0.7796101953125001 0.544 0.7481259375 0.557 0.7031484265625 0.558 0.6596701656249999 0.5469999999999999 0.613193403125 0.523 0.57571214375 0.5 0.560719640625 0.466 0.5577211390625 0.433 0.5772113937500001 0.41200000000000003 0.610194903125 0.40099999999999997 0.6506746625 0.4 0.6956521734375001 0.41 0.7406296859375 0.42699999999999994 0.77211394375 0.45899999999999996 0.7961019484375
4 0.633 0.715142428125 0.659 0.7121439281249999 0.6849999999999999 0.6941529234375 0.712 0.6431784109375001 0.718 0.6071964015625 0.717 0.5682158921875 0.697 0.5172413796875001 0.6719999999999999 0.4917541234375 0.639 0.4812593703125 0.616 0.48575712187500003 0.588 0.509745128125 0.572 0.539730134375 0.563 0.57571214375 0.564 0.6311844078125 0.577 0.6671664171875 0.597 0.6941529234375 0.633 0.715142428125
4 0.794 0.6311844078125 0.829 0.62218890625 0.851 0.60269865 0.8720000000000001 0.5667166421875 0.883 0.5217391296875 0.881 0.4707646171875 0.869 0.43328335781250005 0.852 0.4077961015625 0.818 0.38830584687499997 0.783 0.389805096875 0.75 0.413793103125 0.73 0.4467766109375 0.7190000000000001 0.4917541234375 0.7190000000000001 0.539730134375 0.734 0.5832083953125 0.759 0.6161919046875 0.794 0.6311844078125
4 0.9390000000000001 0.5412293859374999 0.9550000000000001 0.5427286359375 0.999 0.5142428781249999 0.999 0.33283358281250003 0.962 0.313343328125 0.923 0.31934032968750004 0.889 0.3553223390625 0.8720000000000001 0.413793103125 0.8710000000000001 0.43178410781250004 0.8859999999999999 0.497751125 0.9 0.5157421296875 0.9390000000000001 0.5412293859374999
