9 0.35625 0.38194444375000003 0.3890625 0.325 0.41640625 0.26527777812500003 0.46640625 0.165277778125 0.475 0.11944444375 0.465625 0.06805555625000001 0.453125 0.055555556250000006 0.440625 0.055555556250000006 0.41640625 0.075 0.27604140625 0.3796291671875 0.2515625 0.42083333281249996 0.24296875 0.447222221875 0.24609375 0.490277778125 0.26796875 0.502777778125 0.29375 0.48055555625 0.35625 0.38194444375000003
6 0.1265625 0.302777778125 0.1375 0.33055555625 0.221875 0.3291666671875 0.2328125 0.3138888890625 0.24765625 0.25833333281250004 0.2515625 0.2166666671875 0.24765625 0.1916666671875 0.2171875 0.1263888890625 0.17890625 0.10833333281249999 0.15 0.1166666671875 0.121875 0.140277778125 0.10859375 0.1861111109375 0.109375 0.215277778125 0.12109375 0.2416666671875 0.12734375 0.26944444375 0.1265625 0.302777778125
3 0.303125 0.31944444375000003 0.38671875 0.13333333281249998 0.384375 0.13055555624999998 0.36484375 0.1513888890625 0.3125 0.2166666671875 0.27421875 0.27638888906250003 0.26640625 0.30555555624999997 0.26796875 0.325 0.27734375 0.3333333328125 0.2890625 0.33194444375 0.303125 0.31944444375000003
3 0.4421875 0.56805555625 0.386284375 0.3287041671875 0.3609375 0.3763888890625 0.35703125 0.4 0.38359375 0.5541666671875001 0.4046875 0.5916666671875 0.4421875 0.56805555625
3 0.4921875 0.5513888890625 0.4734375 0.4513888890625 0.45390625 0.427777778125 0.45078125 0.415277778125 0.44453125 0.3416666671875 0.43046875 0.2791666671875 0.4234375 0.2708333328125 0.41796875 0.272222221875 0.4078125 0.28611111093749997 0.39375 0.32083333281250004 0.44791640624999995 0.5679013890625 0.478125 0.5875 0.4921875 0.565277778125 0.4921875 0.5513888890625
10 0.47890625 0.45555555625000005 0.50234375 0.40555555625000006 0.5140625 0.31944444375000003 0.51484375 0.25694444375000003 0.4984375 0.15555555625 0.48203125 0.127777778125 0.47421875 0.127777778125 0.457421875 0.1826388890625 0.4328125 0.2375 0.428125 0.2638888890625 0.45078125 0.4125 0.45625 0.434722221875 0.47890625 0.45555555625000005
0 0.559375 0.3083333328125 0.590625 0.30694444375 0.60859375 0.29722222187499997 0.63046875 0.275 0.640625 0.24305555625 0.63984375 0.20138888906250002 0.65078125 0.16944444375 0.65859375 0.1625 0.66015625 0.15 0.65234375 0.1375 0.63515625 0.1416666671875 0.62578125 0.1375 0.6171875 0.1125 0.60625 0.0986111109375 0.590625 0.0888888890625 0.578125 0.0888888890625 0.5515625 0.1111111109375 0.5328125 0.1375 0.5203125 0.1583333328125 0.5125 0.197222221875 0.51484375 0.2416666671875 0.525 0.25555555625 0.5421875 0.29722222187499997 0.559375 0.3083333328125
2 0.5078125 0.0 0.49375 0.0208333328125 0.4826390625 0.063272221875 0.4859375 0.1263888890625 0.5125 0.15555555625 0.528125 0.15277777812499999 0.55390625 0.1111111109375 0.56953125 0.0958333328125 0.5875 0.0888888890625 0.5890625 0.08194444375 0.5828125 0.0333333328125 0.5640625 0.0 0.5078125 0.0
2 0.67421875 0.40416666718750005 0.696875 0.40694444374999994 0.70390625 0.40138888906250003 0.71953125 0.38055555625 0.72734375 0.334722221875 0.72734375 0.3125 0.7203125 0.27638888906250003 0.703125 0.24722222187499998 0.67734375 0.23194444375 0.65703125 0.23333333281250002 0.6421875 0.24583333281250003 0.62109375 0.30694444375 0.62239609375 0.358025 0.636284375 0.40123472187500003 0.65390625 0.4166666671875 0.67421875 0.40416666718750005
0 0.653125 0.66805555625 0.6921875 0.65 0.72421875 0.6166666671875001 0.74296875 0.5916666671875 0.75234375 0.5638888890625 0.7453125 0.51805555625 0.73671875 0.497222221875 0.728125 0.4875 0.72421875 0.4583333328125 0.73125 0.434722221875 0.73203125 0.40555555625000006 0.7203125 0.3875 0.7140625 0.3958333328125 0.7125 0.4138888890625 0.70078125 0.4236111109375 0.69140625 0.40694444374999994 0.67578125 0.40416666718750005 0.646875 0.4263888890625 0.6265625 0.46944444374999994 0.60703125 0.547222221875 0.60390625 0.5736111109375 0.60625 0.6 0.63125 0.6486111109375 0.653125 0.66805555625
0 0.5296875 0.575 0.571875 0.590277778125 0.59140625 0.5708333328124999 0.60546875 0.540277778125 0.6125 0.4791666671875 0.6109375 0.42222222187499997 0.58046875 0.3513888890625 0.5703125 0.34305555625 0.55703125 0.3416666671875 0.540625 0.3541666671875 0.5171875 0.3861111109375 0.48515625 0.46944444374999994 0.48203125 0.48333333281249996 0.4859375 0.5263888890625 0.490625 0.540277778125 0.5296875 0.575
1 0.61796875 0.8222222218749999 0.63046875 0.8208333328125 0.6453125 0.809722221875 0.6546875 0.79444444375 0.6734375 0.7333333328125 0.65546875 0.6791666671875001 0.63046875 0.652777778125 0.615625 0.652777778125 0.60234375 0.6638888890625 0.5921875 0.6833333328125 0.58359375 0.7125 0.58125 0.75 0.590625 0.790277778125 0.60390625 0.8138888890624999 0.61796875 0.8222222218749999
1 0.48203125 0.7638888890625 0.5015625 0.797222221875 0.52421875 0.809722221875 0.54296875 0.809722221875 0.5640625 0.7958333328125 0.578125 0.7666666671875 0.58359375 0.69305555625 0.57421875 0.6638888890625 0.56015625 0.6458333328125 0.54375 0.6361111109375 0.52265625 0.6375 0.503125 0.652777778125 0.48828125 0.675 0.4703125 0.6791666671875001 0.4703125 0.6972222218749999 0.48046875 0.725 0.478125 0.7402777781250001 0.48203125 0.7638888890625
1 0.63203125 0.9111111109375001 0.6234375 0.8986111109375001 0.60625 0.89305555625 0.584375 0.875 0.55234375 0.8652777781250001 0.52890625 0.875 0.5125 0.890277778125 0.48984375 0.9388888890624999 0.4859375 0.9625 0.49296875 0.9986111109375001 0.596875 0.9986111109375001 0.63203125 0.9111111109375001
5 0.4390625 0.747222221875 0.459375 0.7458333328125 0.4765625 0.73194444375 0.47972578125 0.7182791671875 0.47020078125 0.6968916671875001 0.47070234375000003 0.675502778125 0.48046875 0.6763888890625 0.48671875 0.6736111109375 0.48984375 0.6638888890625 0.4859375 0.6263888890625 0.47734375 0.6 0.46640625 0.5861111109375 0.4515625 0.577777778125 0.43046875 0.577777778125 0.41015625 0.5958333328125 0.39921875 0.6180555562500001 0.3921875 0.6513888890625 0.39140625 0.6888888890625 0.4 0.7111111109375 0.42109375 0.7402777781250001 0.4390625 0.747222221875
5 0.35234375 0.7180555562500001 0.375 0.7083333328125 0.38984375 0.6916666671875 0.4 0.6111111109375 0.39765625 0.5916666671875 0.38125 0.55694444375 0.35234375 0.5486111109375 0.33828125 0.5541666671875001 0.321875 0.5708333328124999 0.3140625 0.5861111109375 0.30546875 0.61944444375 0.30625 0.65 0.31796875 0.6888888890625 0.3328125 0.709722221875 0.35234375 0.7180555562500001
5 0.40390625 0.9277777781250001 0.4234375 0.9263888890624999 0.440625 0.9125 0.45234375 0.8875 0.46328125 0.8375 0.45546875 0.790277778125 0.44296875 0.76944444375 0.42109375 0.7486111109375 0.40390625 0.7458333328125 0.3859375 0.7583333328124999 0.37109375 0.7791666671875 0.36015625 0.809722221875 0.35703125 0.847222221875 0.365625 0.8916666671875 0.38359375 0.9166666671874999 0.40390625 0.9277777781250001
