0 0.51796875 0.7041666671875 0.534375 0.7125 0.5640625 0.7125 0.6203125 0.672222221875 0.63203125 0.6555555562500001 0.63828125 0.6125 0.63515625 0.5791666671875 0.62734375 0.565277778125 0.59296875 0.45555555625000005 0.58203125 0.44444444375 0.5609375 0.4375 0.540625 0.440277778125 0.5109375 0.4791666671875 0.48515625 0.5555555562500001 0.4796875 0.584722221875 0.4828125 0.6263888890625 0.5 0.6791666671875001 0.51796875 0.7041666671875
2 0.58069765625 0.44018750000000006 0.6046875 0.477777778125 0.6328125 0.45416666718750004 0.640625 0.4138888890625 0.64296875 0.372222221875 0.6328125 0.33194444375 0.61875 0.3125 0.5953125 0.3 0.56953125 0.3 0.5421875 0.34305555625 0.53515625 0.36805555624999997 0.53359375 0.40416666718750005 0.54375 0.44166666718750003 0.55234375 0.4388888890625 0.58069765625 0.44018750000000006
0 0.48359375 0.352777778125 0.50234375 0.3583333328125 0.528125 0.3541666671875 0.56015625 0.3166666671875 0.56796875 0.29305555625 0.571875 0.2166666671875 0.5609375 0.172222221875 0.53828125 0.11805555625 0.49609375 0.11805555625 0.469628125 0.1422791671875 0.45953906250000004 0.15178194375 0.44609375 0.215277778125 0.446875 0.2708333328125 0.4578125 0.2958333328125 0.46328125 0.32083333281250004 0.48359375 0.352777778125
10 0.41443359375 0.379822221875 0.4310515625 0.3365361109375 0.4390625 0.29444444375 0.44453125 0.22916666718749998 0.44375 0.177777778125 0.4390625 0.13888888906250002 0.41953125 0.1361111109375 0.40390625 0.14305555625 0.3765625 0.17916666718750002 0.36796875 0.19583333281249998 0.3609375 0.24444444375000002 0.35703125 0.36944444375 0.365625 0.415277778125 0.38046875 0.42083333281249996 0.41443359375 0.379822221875
0 0.45859375 0.60694444375 0.47578125 0.5888888890625 0.5078125 0.4861111109375 0.5109375 0.4625 0.4953125 0.3875 0.48125 0.3708333328125 0.46640625 0.3625 0.45234375 0.36666666718749996 0.41328125 0.39444444375 0.37421875 0.4388888890625 0.3734375 0.50555555625 0.3796875 0.5319444437499999 0.4453125 0.60694444375 0.45859375 0.60694444375
9 0.20859375 0.40833333281249995 0.25 0.35972222187499997 0.285734375 0.306975 0.35390625 0.225 0.38046875 0.1763888890625 0.4015625 0.15 0.41875 0.13888888906250002 0.4234375 0.0916666671875 0.4203125 0.06805555625000001 0.40546875 0.054166667187499996 0.38828125 0.054166667187499996 0.36484375 0.072222221875 0.214515625 0.27847083281249996 0.1625 0.3611111109375 0.16328125 0.3958333328125 0.1734375 0.415277778125 0.18515625 0.415277778125 0.20859375 0.40833333281249995
3 0.32578125 0.5319444437499999 0.3165953125 0.30795555625 0.3078125 0.2888888890625 0.290625 0.302777778125 0.27890625 0.32083333281250004 0.2734375 0.3416666671875 0.2734375 0.48194444374999995 0.28203125 0.5319444437499999 0.28671875 0.540277778125 0.32578125 0.5319444437499999
3 0.36484375 0.5555555562500001 0.371875 0.547222221875 0.3734375 0.5305555562500001 0.36796875 0.43333333281249997 0.3625 0.41944444374999995 0.3546875 0.35555555625 0.3578125 0.31944444375000003 0.35625 0.26944444375 0.35078125 0.24722222187499998 0.3453125 0.24444444375000002 0.3203125 0.275 0.3140625 0.290277778125 0.3171875 0.3958333328125 0.33125 0.525 0.36484375 0.5555555562500001
5 0.325 0.7138888890625 0.33125 0.684722221875 0.33359375 0.6361111109375 0.34921875 0.6291666671875 0.35703125 0.6180555562500001 0.3578125 0.590277778125 0.35546875 0.5666666671875 0.3453125 0.5416666671875 0.32109375 0.5375 0.28203125 0.5513888890625 0.26328125 0.5875 0.2609375 0.602777778125 0.26171875 0.64305555625 0.28359375 0.6986111109375 0.3015625 0.7125 0.325 0.7138888890625
5 0.215625 0.640277778125 0.25546875 0.6333333328124999 0.2765625 0.5527777781250001 0.2734375 0.5069444437499999 0.26796875 0.497222221875 0.2453125 0.48472222187499997 0.2140625 0.4916666671875 0.20390625 0.502777778125 0.1890625 0.534722221875 0.18671875 0.5541666671875001 0.18984375 0.5875 0.20234375 0.6263888890625 0.215625 0.640277778125
5 0.22578125 0.85694444375 0.25234375 0.875 0.26796875 0.86944444375 0.28203125 0.8541666671874999 0.2953125 0.8291666671875 0.30703125 0.7791666671875 0.3046875 0.747222221875 0.28984375 0.709722221875 0.2625 0.6861111109375 0.25 0.6861111109375 0.23046875 0.6986111109375 0.21640625 0.7138888890625 0.20546875 0.7402777781250001 0.2015625 0.7597222218749999 0.2015625 0.7916666671875 0.20859375 0.8291666671875 0.22578125 0.85694444375
1 0.45859375 0.9472222218749999 0.4546875 0.9361111109375001 0.41171875 0.8763888890624999 0.3765625 0.859722221875 0.35234375 0.8652777781250001 0.3265625 0.8861111109375001 0.30390625 0.9388888890624999 0.30625 0.977777778125 0.3171875 0.9986111109375001 0.428125 0.9986111109375001 0.45859375 0.9472222218749999
1 0.4046875 0.8055555562500001 0.41875 0.797222221875 0.42890625 0.7736111109375 0.44375 0.7041666671875 0.4359375 0.6541666671875 0.4296875 0.6416666671875 0.3890625 0.6263888890625 0.340625 0.6347222218749999 0.33359375 0.6416666671875 0.3328125 0.65 0.33046875 0.722222221875 0.353125 0.7791666671875 0.3859375 0.8055555562500001 0.4046875 0.8055555562500001
1 0.46953125 0.8513888890624999 0.48984375 0.85 0.50546875 0.8333333328125001 0.515625 0.8125 0.5265625 0.7625 0.52265625 0.7291666671875 0.51484375 0.7083333328125 0.5 0.684722221875 0.4890625 0.6777777781250001 0.46328125 0.6861111109375 0.43828125 0.7236111109375 0.434375 0.747222221875 0.4359375 0.7875 0.44609375 0.8263888890625 0.4578125 0.8444444437499999 0.46953125 0.8513888890624999
6 0.134375 0.0 0.10703125 0.0125 0.090625 0.05694444375 0.08828125 0.08333333281250001 0.0921875 0.215277778125 0.16953125 0.2388888890625 0.18515625 0.22777777812500002 0.19296875 0.2138888890625 0.20703125 0.17361111093749998 0.2109375 0.13194444375 0.2 0.072222221875 0.1734375 0.013888889062500001 0.1578125 0.0 0.134375 0.0
