6 0.71640625 0.9236111109375 0.7125 0.8194444437499999 0.7078125 0.8 0.703125 0.734722221875 0.678125 0.6416666671875 0.62265625 0.575 0.56875 0.5486111109375 0.5328125 0.547222221875 0.50234375 0.5583333328125 0.4703125 0.5555555562500001 0.43515625 0.5763888890625 0.39921875 0.577777778125 0.384375 0.5861111109375 0.3625 0.6111111109375 0.3359375 0.672222221875 0.31953125 0.74444444375 0.321875 0.7861111109375 0.31484375 0.8291666671875 0.31953125 0.95 0.3390625 0.9986111109375001 0.69453125 0.9986111109375001 0.71640625 0.9236111109375
5 0.19296875 0.447222221875 0.21484375 0.425 0.2140625 0.3708333328125 0.209375 0.3541666671875 0.196875 0.3375 0.16171875 0.3375 0.134375 0.3583333328125 0.11953125 0.3875 0.11875 0.4375 0.12421875 0.459722221875 0.1375 0.48333333281249996 0.19296875 0.447222221875
5 0.0 0.5861111109375 0.01640625 0.6125 0.04453125 0.6263888890625 0.06640625 0.60694444375 0.06484375 0.5875 0.0859375 0.5291666671875 0.0859375 0.5013888890625 0.078125 0.46527777812500004 0.06640625 0.440277778125 0.05078125 0.4263888890625 0.01796875 0.44444444375 0.00859375 0.4611111109375 0.0 0.4791666671875 0.0 0.5861111109375
1 0.1953125 0.640277778125 0.203125 0.6361111109375 0.22109375 0.609722221875 0.2453125 0.5513888890625 0.23203125 0.5013888890625 0.21875 0.475 0.19296875 0.45277777812500003 0.1609375 0.46944444374999994 0.140625 0.490277778125 0.1296875 0.540277778125 0.12578125 0.6 0.14140625 0.6291666671875 0.18203125 0.6333333328124999 0.1953125 0.640277778125
1 0.25390625 0.69305555625 0.27265625 0.675 0.290625 0.665277778125 0.3203125 0.6611111109375 0.3296875 0.63055555625 0.32109375 0.5833333328125 0.30625 0.5638888890625 0.24765625 0.559722221875 0.20703125 0.6347222218749999 0.20625 0.6513888890625 0.22734375 0.7236111109375 0.23203125 0.727777778125 0.25390625 0.69305555625
1 0.3 0.9472222218749999 0.31015625 0.94305555625 0.31484375 0.91944444375 0.32578125 0.70555555625 0.3328125 0.6736111109375 0.31953125 0.6666666671875 0.2984375 0.6666666671875 0.259375 0.6888888890625 0.23515625 0.7263888890625 0.2203125 0.76944444375 0.2125 0.80694444375 0.19140625 0.852777778125 0.1859375 0.872222221875 0.19296875 0.8861111109375001 0.2828125 0.94305555625 0.3 0.9472222218749999
5 0.12890625 0.85694444375 0.1625 0.872222221875 0.17109375 0.872222221875 0.1765625 0.85 0.2 0.825 0.20703125 0.8236111109375001 0.2265625 0.7458333328125 0.225 0.715277778125 0.21796875 0.684722221875 0.19296875 0.64305555625 0.16640625 0.6319444437499999 0.1421875 0.6319444437499999 0.115625 0.6555555562500001 0.10078125 0.6888888890625 0.09609375 0.725 0.0953125 0.7583333328124999 0.1015625 0.790277778125 0.11796875 0.8375 0.12890625 0.85694444375
9 0.0 0.94305555625 0.09140625 0.8055555562500001 0.09609375 0.7833333328125 0.09375 0.7333333328125 0.09921875 0.6916666671875 0.1140625 0.6541666671875 0.13515625 0.6361111109375 0.1375 0.627777778125 0.11640625 0.597222221875 0.0953125 0.5916666671875 0.06796875 0.609722221875 0.05 0.6333333328124999 0.0 0.702777778125 0.0 0.94305555625
0 0.25 0.5555555562500001 0.2859375 0.5638888890625 0.31015625 0.5625 0.31953125 0.577777778125 0.32421875 0.5791666671875 0.33046875 0.5986111109375 0.33359375 0.5944444437499999 0.328125 0.56805555625 0.32734375 0.5208333328125 0.33125 0.5 0.35 0.46666666718750005 0.359375 0.4236111109375 0.375 0.3986111109375 0.36953125 0.38194444375000003 0.35703125 0.3638888890625 0.3421875 0.35555555625 0.325 0.334722221875 0.3015625 0.3291666671875 0.27734375 0.34444444375 0.25859375 0.365277778125 0.24375 0.397222221875 0.23828125 0.42083333281249996 0.2359375 0.46666666718750005 0.2328125 0.477777778125 0.23359375 0.502777778125 0.25 0.5555555562500001
0 0.35546875 0.622222221875 0.3609375 0.6083333328125 0.37265625 0.5986111109375 0.384375 0.5791666671875 0.41953125 0.5722222218749999 0.44140625 0.5736111109375 0.47109375 0.5527777781250001 0.49765625 0.55 0.51015625 0.5541666671875001 0.51796875 0.5486111109375 0.51015625 0.4875 0.48984375 0.43333333281249997 0.47578125 0.41111111093749997 0.45078125 0.39027777812500003 0.43203125 0.38194444375000003 0.3890625 0.3958333328125 0.36484375 0.415277778125 0.35859375 0.43055555625 0.3515625 0.46527777812500004 0.33671875 0.490277778125 0.32890625 0.51944444375 0.32890625 0.5541666671875001 0.33359375 0.5875 0.34921875 0.6263888890625 0.35546875 0.622222221875
2 0.43315937499999996 0.384259721875 0.46527812500000004 0.39969166718750004 0.5015625 0.45293194375 0.50859375 0.4445986109375 0.51171875 0.4293208328125 0.509375 0.36404305625 0.50546875 0.33904305625000003 0.4953125 0.311265278125 0.4859375 0.29598749999999996 0.453125 0.2793208328125 0.41953125 0.27793194374999997 0.40859375 0.2848763890625 0.3921875 0.311265278125 0.37265625 0.368209721875 0.37265625 0.380709721875 0.3765625 0.3876541671875 0.38020859375 0.39660555625 0.43315937499999996 0.384259721875
2 0.68125 0.6416666671875 0.68671875 0.627777778125 0.6890625 0.577777778125 0.68203125 0.5305555562500001 0.65625 0.4763888890625 0.63359375 0.45277777812500003 0.60625 0.44444444375 0.578125 0.45694444375 0.55078125 0.4916666671875 0.53671875 0.5319444437499999 0.53671875 0.5416666671875 0.5875 0.55 0.66328125 0.6138888890625 0.68125 0.6416666671875
10 0.51953125 0.41805555625 0.5234375 0.4791666671875 0.53046875 0.5138888890625 0.53828125 0.515277778125 0.559375 0.475 0.5859375 0.45 0.6015625 0.44305555625000004 0.63203125 0.4486111109375 0.63203125 0.41944444374999995 0.62421875 0.375 0.559375 0.21111111093749999 0.5171875 0.15277777812499999 0.4861109375 0.14660555625 0.4782984375 0.15894999999999998 0.47222187499999996 0.18827222187499998 0.47135390624999995 0.21141944375000002 0.48671875 0.26944444375 0.50078125 0.31944444375000003 0.51953125 0.41805555625
3 0.68125 0.5291666671875 0.69140625 0.5722222218749999 0.71015625 0.5791666671875 0.7404515625 0.5663583328125 0.75260390625 0.5462958328124999 0.745659375 0.5138888890625 0.7390625 0.49305555625 0.7140625 0.4513888890625 0.61328125 0.33194444375 0.61171875 0.3361111109375 0.62890625 0.397222221875 0.63515625 0.4458333328125 0.68125 0.5291666671875
3 0.63203125 0.252777778125 0.66953125 0.20555555625 0.68828125 0.16944444375 0.6921875 0.1541666671875 0.69140625 0.13888888906250002 0.678125 0.10833333281249999 0.67109375 0.102777778125 0.6578125 0.10555555624999999 0.5640625 0.20416666718749998 0.56328125 0.2208333328125 0.58671875 0.27638888906250003 0.596875 0.28055555625 0.63203125 0.252777778125
0 0.4859375 0.2666666671875 0.4704859375 0.20216111093750003 0.4765625 0.15586388906249998 0.50260390625 0.14197500000000002 0.5375 0.1763888890625 0.53984375 0.16805555625 0.53671875 0.1458333328125 0.5296875 0.13194444375 0.509375 0.109722221875 0.478125 0.1041666671875 0.46640625 0.0666666671875 0.46015625 0.055555556250000006 0.44921875 0.0513888890625 0.44296875 0.0638888890625 0.4421875 0.08333333281250001 0.44765625 0.090277778125 0.44375 0.1208333328125 0.4234375 0.13888888906250002 0.415625 0.16944444375 0.4140625 0.197222221875 0.4171875 0.2736111109375 0.45546875 0.27638888906250003 0.48828125 0.29444444375 0.4859375 0.2666666671875
