6 0.69609375 0.9986111109375001 0.715625 0.9277777781250001 0.71328125 0.834722221875 0.70390625 0.7736111109375 0.70703125 0.7625 0.70234375 0.7263888890625 0.68203125 0.65 0.66171875 0.6152777781250001 0.62734375 0.577777778125 0.59375 0.55694444375 0.571875 0.547222221875 0.53125 0.5458333328125 0.50078125 0.55694444375 0.46953125 0.5555555562500001 0.435546875 0.575 0.40546875 0.5763888890625 0.38359375 0.584722221875 0.36171875 0.6125 0.34296875 0.65 0.32734375 0.702777778125 0.321875 0.7416666671875001 0.31484375 0.8541666671874999 0.32109375 0.959722221875 0.33125 0.9986111109375001 0.69609375 0.9986111109375001
1 0.31875 0.9388888890624999 0.32109375 0.91944444375 0.3140625 0.8513888890624999 0.32109375 0.7861111109375 0.32265625 0.722222221875 0.33359375 0.672222221875 0.31640625 0.665277778125 0.29765625 0.6666666671875 0.275 0.6763888890625 0.25234375 0.6972222218749999 0.228125 0.7458333328125 0.2015625 0.8513888890624999 0.2 0.8791666671874999 0.22734375 0.9111111109375001 0.2921875 0.9444444437499999 0.31875 0.9388888890624999
1 0.26953125 0.6777777781250001 0.3203125 0.6611111109375 0.33359375 0.6416666671875 0.321875 0.5833333328125 0.31015625 0.5638888890625 0.30390625 0.5625 0.25703125 0.5583333328125 0.24296875 0.5625 0.225 0.5861111109375 0.21484375 0.622222221875 0.21484375 0.6708333328125 0.2296875 0.73194444375 0.25234375 0.69305555625 0.26953125 0.6777777781250001
5 0.153125 0.872222221875 0.16875 0.8708333328125001 0.1828125 0.8375 0.2015625 0.825 0.2046875 0.8291666671875 0.2265625 0.74444444375 0.221875 0.70694444375 0.21328125 0.6763888890625 0.1953125 0.6458333328125 0.178125 0.6347222218749999 0.14140625 0.6333333328124999 0.11875 0.6513888890625 0.10859375 0.6625 0.09765625 0.7083333328125 0.09921875 0.7708333328125 0.11484375 0.827777778125 0.1265625 0.852777778125 0.153125 0.872222221875
1 0.15625 0.6291666671875 0.196875 0.6416666671875 0.20234375 0.6166666671875001 0.20234375 0.565277778125 0.19375 0.5361111109375 0.175 0.5 0.1546875 0.4861111109375 0.1421875 0.48472222187499997 0.11875 0.49444444374999996 0.096875 0.5333333328125 0.08984375 0.5708333328124999 0.090625 0.6388888890625 0.10703125 0.659722221875 0.11953125 0.6458333328125 0.15625 0.6291666671875
3 0.209375 0.5458333328125 0.23515625 0.51805555625 0.2375 0.41805555625 0.2359375 0.4138888890625 0.2125 0.427777778125 0.1453125 0.477777778125 0.14375 0.48194444374999995 0.17890625 0.50555555625 0.19609375 0.54444444375 0.209375 0.5458333328125
5 0.06171875 0.58194444375 0.075 0.5458333328125 0.10859375 0.50555555625 0.1109375 0.46805555625000006 0.10625 0.4361111109375 0.09609375 0.40833333281249995 0.08046875 0.39027777812500003 0.06796875 0.3888888890625 0.05234375 0.4 0.03984375 0.4236111109375 0.025 0.477777778125 0.02421875 0.51944444375 0.0296875 0.5486111109375 0.04296875 0.5736111109375 0.06171875 0.58194444375
5 0.14609375 0.477777778125 0.21015625 0.43055555625 0.2140625 0.41944444374999995 0.21484375 0.3888888890625 0.2046875 0.35 0.18515625 0.3361111109375 0.13046875 0.3625 0.12421875 0.3708333328125 0.11640625 0.3986111109375 0.11640625 0.43055555625 0.12265625 0.459722221875 0.13203125 0.4763888890625 0.14609375 0.477777778125
0 0.309375 0.5625 0.33203125 0.602777778125 0.328125 0.5555555562500001 0.3342015625 0.4953708328125 0.3498265625 0.46759305624999997 0.36328125 0.4166666671875 0.3765625 0.4 0.37421875 0.3916666671875 0.3546875 0.3625 0.3171875 0.3291666671875 0.29765625 0.3263888890625 0.27109375 0.3458333328125 0.2578125 0.3625 0.25078125 0.375 0.2390625 0.42083333281249996 0.23671875 0.5083333328124999 0.24375 0.5388888890625 0.25546875 0.55694444375 0.309375 0.5625
0 0.390625 0.5771611109375 0.48359375 0.5527777781250001 0.5109375 0.5541666671875001 0.51875 0.547222221875 0.50703125 0.47361111093749997 0.49296875 0.4388888890625 0.47109375 0.40555555625000006 0.43359375 0.38194444375000003 0.3859375 0.397222221875 0.36796875 0.41111111093749997 0.35859375 0.4291666671875 0.35078125 0.46527777812500004 0.33515625 0.4916666671875 0.3296875 0.5097222218749999 0.328125 0.5458333328125 0.3328125 0.5875 0.34921875 0.6291666671875 0.390625 0.5771611109375
2 0.6609375 0.6125 0.68125 0.64444444375 0.68671875 0.6291666671875 0.6890625 0.58055555625 0.68359375 0.5319444437499999 0.65546875 0.47361111093749997 0.63515625 0.45277777812500003 0.6125 0.44444444375 0.58359375 0.4513888890625 0.55625 0.48055555625 0.5359375 0.5319444437499999 0.53671875 0.54305555625 0.5703125 0.54444444375 0.61015625 0.565277778125 0.6609375 0.6125
2 0.4921875 0.43333333281249997 0.5015625 0.4513888890625 0.5140625 0.4236111109375 0.5078125 0.352777778125 0.49375 0.302777778125 0.45546875 0.27777777812500004 0.42890625 0.2736111109375 0.4078125 0.2833333328125 0.37578125 0.3513888890625 0.3734375 0.36805555624999997 0.38802109375 0.39660555625 0.45572890624999995 0.3888888890625 0.4921875 0.43333333281249997
10 0.52265625 0.477777778125 0.52890625 0.5013888890625 0.540625 0.5083333328124999 0.559375 0.47361111093749997 0.60078125 0.44305555625000004 0.63125 0.447222221875 0.63125 0.425 0.6234375 0.3736111109375 0.5609375 0.215277778125 0.53984375 0.17916666718750002 0.51796875 0.15277777812499999 0.49305546875 0.14351805625 0.47309062500000004 0.151234721875 0.47135390624999995 0.1929013890625 0.4859375 0.2708333328125 0.50703125 0.34305555625 0.52265625 0.477777778125
3 0.59765625 0.2791666671875 0.63125 0.252777778125 0.66640625 0.20972222187499998 0.6875 0.1708333328125 0.6921875 0.14305555625 0.6796875 0.109722221875 0.66953125 0.10138888906250001 0.6625 0.102777778125 0.6421875 0.11805555625 0.5625 0.20555555625 0.5625 0.21944444375 0.5859375 0.2736111109375 0.590625 0.28055555625 0.59765625 0.2791666671875
3 0.66171875 0.5013888890625 0.6828125 0.5333333328125 0.6921875 0.5722222218749999 0.7046875 0.575 0.725 0.5694444437499999 0.72890625 0.5638888890625 0.74453125 0.5611111109375 0.7515625 0.5513888890625 0.75234375 0.54444444375 0.740625 0.49444444374999996 0.7171875 0.45694444375 0.64140625 0.3625 0.61328125 0.3333333328125 0.62890625 0.39305555625 0.63671875 0.4513888890625 0.65234375 0.46805555625000006 0.66171875 0.5013888890625
8 0.1734375 0.3361111109375 0.190625 0.334722221875 0.20703125 0.35 0.21796875 0.3875 0.23984375 0.39305555625 0.24765625 0.38194444375000003 0.253125 0.3638888890625 0.26796875 0.3458333328125 0.3 0.3236111109375 0.31796875 0.3263888890625 0.3578125 0.35972222187499997 0.3625 0.36944444375 0.36796875 0.36944444375 0.3734375 0.34861111093749997 0.4078125 0.27777777812500004 0.3984375 0.26527777812500003 0.37421875 0.2541666671875 0.1578125 0.2611111109375 0.1328125 0.2666666671875 0.1203125 0.28055555625 0.11197890625 0.30555555624999997 0.115625 0.3416666671875 0.1265625 0.35972222187499997 0.1640625 0.34444444375 0.1734375 0.3361111109375
0 0.48203125 0.3 0.4921875 0.3 0.48515625 0.2666666671875 0.47135390624999995 0.1790125 0.4782984375 0.15277777812499999 0.4921875 0.14660555625 0.511284375 0.14660555625 0.5375 0.1763888890625 0.5390625 0.15694444375 0.52890625 0.13194444375 0.51015625 0.109722221875 0.47890625 0.10833333281249999 0.4671875 0.06805555625000001 0.459375 0.054166667187499996 0.44921875 0.0513888890625 0.44453125 0.05694444375 0.44296875 0.08333333281250001 0.4546875 0.09305555625 0.45078125 0.1111111109375 0.43046875 0.1263888890625 0.4234375 0.1375 0.41484375 0.1916666671875 0.41640625 0.2708333328125 0.4484375 0.2736111109375 0.47421875 0.2875 0.48203125 0.3
