5 0.3828125 0.6236111109375 0.415625 0.602777778125 0.43402812500000004 0.581790278125 0.434375 0.5013888890625 0.42421875 0.47083333281249995 0.4078125 0.44444444375 0.39609375 0.4375 0.37578125 0.4388888890625 0.353125 0.4513888890625 0.3328125 0.4791666671875 0.32265625 0.5166666671875 0.321875 0.540277778125 0.33046875 0.5791666671875 0.353125 0.6152777781250001 0.3828125 0.6236111109375
5 0.51015625 0.6375 0.5203125 0.6263888890625 0.5296875 0.609722221875 0.53828125 0.5722222218749999 0.5375 0.5319444437499999 0.5296875 0.5 0.51484375 0.47083333281249995 0.4984375 0.4583333328125 0.4703125 0.4625 0.4515625 0.477777778125 0.4359375 0.5097222218749999 0.43203125 0.5388888890625 0.434375 0.58055555625 0.45390625 0.622222221875 0.50078125 0.6388888890625 0.51015625 0.6375
5 0.46171875 0.8333333328125001 0.4875 0.8263888890625 0.50390625 0.809722221875 0.515625 0.7805555562500001 0.5265625 0.727777778125 0.5265625 0.70694444375 0.51484375 0.6611111109375 0.49765625 0.6388888890625 0.475 0.625 0.4546875 0.625 0.4375 0.6388888890625 0.4171875 0.66944444375 0.4078125 0.7041666671875 0.40703125 0.7569444437499999 0.41484375 0.79305555625 0.4359375 0.8222222218749999 0.46171875 0.8333333328125001
1 0.628125 0.915277778125 0.67890625 0.875 0.7046875 0.8111111109375001 0.70703125 0.7708333328125 0.66875 0.7236111109375 0.64140625 0.715277778125 0.6234375 0.7208333328125 0.603125 0.7388888890625 0.584375 0.7736111109375 0.5765625 0.80694444375 0.5734375 0.8375 0.58984375 0.8875 0.60390625 0.9041666671874999 0.628125 0.915277778125
1 0.6109375 0.68194444375 0.634375 0.652777778125 0.64140625 0.6166666671875001 0.64140625 0.5625 0.6328125 0.534722221875 0.61875 0.5138888890625 0.603125 0.502777778125 0.58984375 0.502777778125 0.55078125 0.522222221875 0.53984375 0.5625 0.5390625 0.6291666671875 0.54895859375 0.65648194375 0.5703125 0.684722221875 0.6109375 0.68194444375
1 0.68984375 0.684722221875 0.7046875 0.66944444375 0.714409375 0.6496916671874999 0.71875 0.60339444375 0.7375 0.5708333328124999 0.7328125 0.5611111109375 0.7092015625 0.55246944375 0.6970484375 0.5308638890624999 0.6796875 0.5208333328125 0.6671875 0.5208333328125 0.65625 0.5291666671875 0.6484375 0.54305555625 0.6421875 0.5694444437499999 0.63671875 0.6513888890625 0.66171875 0.6805555562500001 0.67265625 0.6861111109375 0.68984375 0.684722221875
0 0.709375 0.547222221875 0.7578125 0.4875 0.7703125 0.4583333328125 0.77421875 0.43333333281249997 0.75625 0.35555555625 0.72265625 0.30694444375 0.70625 0.2986111109375 0.6796875 0.32083333281250004 0.65390625 0.365277778125 0.640625 0.4361111109375 0.6421875 0.46805555625000006 0.66015625 0.51944444375 0.68838203125 0.52259444375 0.709375 0.547222221875
0 0.54765625 0.46805555625000006 0.5640625 0.477777778125 0.60703125 0.48333333281249996 0.625 0.46666666718750005 0.6390625 0.4361111109375 0.6453125 0.3916666671875 0.640625 0.3513888890625 0.63046875 0.3138888890625 0.60078125 0.2638888890625 0.5828125 0.259722221875 0.56640625 0.26944444375 0.53984375 0.30555555624999997 0.528125 0.35 0.525 0.365277778125 0.52734375 0.41944444374999995 0.53515625 0.447222221875 0.54765625 0.46805555625000006
0 0.55546875 0.2625 0.5953125 0.25555555625 0.61953125 0.2388888890625 0.63515625 0.222222221875 0.64453125 0.19583333281249998 0.63671875 0.1458333328125 0.61875 0.0861111109375 0.5984375 0.055555556250000006 0.578125 0.061111110937500004 0.55234375 0.0861111109375 0.5390625 0.102777778125 0.52265625 0.1416666671875 0.51875 0.18055555625 0.52421875 0.21944444375 0.5421875 0.2513888890625 0.55546875 0.2625
2 0.66171875 0.34861111093749997 0.68675390625 0.3127986109375 0.705803125 0.298540278125 0.7203125 0.30416666718749996 0.728125 0.2736111109375 0.72734375 0.24583333281250003 0.7203125 0.2166666671875 0.7046875 0.1916666671875 0.6765625 0.177777778125 0.6546875 0.1861111109375 0.63515625 0.2166666671875 0.63125 0.259722221875 0.63125 0.30555555624999997 0.63671875 0.33055555625 0.65390625 0.34861111093749997 0.66171875 0.34861111093749997
10 0.5234375 0.3333333328125 0.5328125 0.30555555624999997 0.53359375 0.2708333328125 0.5109375 0.1583333328125 0.50078125 0.125 0.478125 0.125 0.43828125 0.19583333281249998 0.44140625 0.22916666718749998 0.4859375 0.3375 0.5171875 0.34027777812500004 0.5234375 0.3333333328125
9 0.45546875 0.0 0.43828125 0.019444443750000002 0.23984375 0.3333333328125 0.2203125 0.3791666671875 0.2203125 0.4138888890625 0.23828125 0.425 0.2546875 0.425 0.27265625 0.415277778125 0.33359375 0.3361111109375 0.4328125 0.20138888906250002 0.48515625 0.115277778125 0.49765625 0.08194444375 0.50078125 0.013888889062500001 0.48984375 0.0 0.45546875 0.0
3 0.284375 0.26527777812500003 0.39609375 0.0861111109375 0.36875 0.102777778125 0.29453125 0.16805555625 0.25703125 0.21111111093749999 0.24453125 0.240277778125 0.24375 0.2625 0.25546875 0.275 0.271875 0.275 0.284375 0.26527777812500003
3 0.43125 0.4916666671875 0.4390625 0.49583333281249997 0.46015625 0.47083333281249995 0.46171875 0.4486111109375 0.45082578125 0.4188861109375 0.41155546875000004 0.328127778125 0.39820390625 0.290427778125 0.3859375 0.26944444375 0.3703125 0.2875 0.35625 0.3166666671875 0.3578125 0.334722221875 0.390625 0.434722221875 0.414696875 0.4496041671875 0.43125 0.4916666671875
3 0.5203125 0.47361111093749997 0.51953125 0.434722221875 0.5046875 0.39027777812500003 0.4546875 0.2625 0.4296203125 0.20944305624999998 0.4171875 0.22777777812500002 0.39192031250000003 0.26110555625 0.4249078125 0.325334721875 0.47046171875000004 0.459377778125 0.50501953125 0.46077500000000005 0.5203125 0.47361111093749997
6 0.0737015625 0.21306805624999997 0.0703125 0.23611111093749998 0.0828125 0.2708333328125 0.09375 0.2791666671875 0.10676328125000001 0.26694722187500003 0.141203125 0.24612916718750003 0.1687546875 0.27796805625 0.18125 0.27777777812500004 0.19453125 0.2611111109375 0.2125 0.215277778125 0.21875 0.177777778125 0.21875 0.15277777812499999 0.21484375 0.127777778125 0.1765625 0.047222221875 0.16875 0.0361111109375 0.13828125 0.01805555625 0.1078125 0.0125 0.0796875 0.0513888890625 0.0765625 0.07083333281250001 0.07921171875000001 0.1016361109375 0.09643125 0.14694305624999998 0.08541093749999999 0.193475 0.0737015625 0.21306805624999997
