0 0.3828125 0.6513888890625 0.4078125 0.6916666671875 0.45859375 0.73055555625 0.484375 0.73194444375 0.50546875 0.7111111109375 0.5375 0.6291666671875 0.5609375 0.584722221875 0.56484375 0.55 0.54453125 0.43333333281249997 0.525 0.40555555625000006 0.503125 0.3916666671875 0.44609375 0.397222221875 0.40703125 0.41944444374999995 0.3875 0.447222221875 0.37421875 0.49444444374999996 0.35625 0.5166666671875 0.35625 0.540277778125 0.36484375 0.5527777781250001 0.3703125 0.61944444375 0.3828125 0.6513888890625
0 0.5546875 0.4583333328125 0.58125 0.4625 0.58828125 0.44305555625000004 0.60546875 0.4263888890625 0.63515625 0.36666666718749996 0.66171875 0.3361111109375 0.66328125 0.3125 0.65538203125 0.2638888890625 0.68515625 0.2791666671875 0.69140625 0.27638888906250003 0.6984375 0.2666666671875 0.69921875 0.25 0.69296875 0.23194444375 0.6609375 0.222222221875 0.6390625 0.1986111109375 0.6109375 0.14444444375 0.5796875 0.14444444375 0.56015625 0.15 0.5484375 0.1611111109375 0.5171875 0.20694444375 0.5015625 0.24722222187499998 0.48984375 0.30416666718749996 0.490625 0.3333333328125 0.5046875 0.39027777812500003 0.528125 0.40555555625000006 0.5546875 0.4583333328125
2 0.69375 0.522222221875 0.7 0.5638888890625 0.715625 0.5888888890625 0.73125 0.5458333328125 0.74375 0.5555555562500001 0.74921875 0.5527777781250001 0.759375 0.497222221875 0.7578125 0.45 0.7421875 0.3958333328125 0.72421875 0.36805555624999997 0.6875 0.3416666671875 0.659375 0.3416666671875 0.6421875 0.3583333328125 0.60859375 0.4236111109375 0.60234375 0.47083333281249995 0.60390625 0.5236111109375 0.646875 0.4986111109375 0.67578125 0.5 0.69375 0.522222221875
0 0.5546875 0.8680555562500001 0.5640625 0.8986111109375001 0.5734375 0.9083333328125001 0.659375 0.9083333328125001 0.69453125 0.8916666671875 0.73203125 0.85555555625 0.75 0.81805555625 0.75078125 0.75555555625 0.73359375 0.6958333328124999 0.728125 0.6263888890625 0.71875 0.5986111109375 0.7046875 0.577777778125 0.69296875 0.525 0.675 0.5 0.640625 0.502777778125 0.58671875 0.5486111109375 0.56484375 0.58055555625 0.5375 0.6333333328124999 0.5171875 0.68194444375 0.51015625 0.7125 0.51171875 0.747222221875 0.52734375 0.7791666671875 0.53046875 0.825 0.5546875 0.8680555562500001
10 0.38046875 0.4583333328125 0.39921875 0.425 0.41484375 0.4125 0.4703125 0.3888888890625 0.48671875 0.33194444375 0.490625 0.23055555625 0.48359375 0.19305555624999998 0.4671875 0.172222221875 0.4546875 0.16944444375 0.40703125 0.21805555625 0.37760390625 0.32253055625 0.34921875 0.3541666671875 0.35078125 0.41805555625 0.36015625 0.447222221875 0.37265625 0.4611111109375 0.38046875 0.4583333328125
9 0.18125 0.440277778125 0.2828125 0.325 0.375 0.24722222187499998 0.45078125 0.17361111093749998 0.46796875 0.14305555625 0.478125 0.11388888906250001 0.48203125 0.09305555625 0.47890625 0.055555556250000006 0.4625 0.030555556249999997 0.43671875 0.025 0.4078125 0.0333333328125 0.290625 0.1458333328125 0.18984375 0.2513888890625 0.1265625 0.32777777812500003 0.1140625 0.3513888890625 0.1078125 0.38055555625 0.10703125 0.4166666671875 0.11953125 0.4361111109375 0.1484375 0.4513888890625 0.18125 0.440277778125
5 0.16953125 0.7194444437499999 0.17578125 0.6458333328125 0.18828125 0.6083333328125 0.2125 0.577777778125 0.21875 0.559722221875 0.209375 0.522222221875 0.19296875 0.49305555625 0.16875 0.477777778125 0.15390625 0.4791666671875 0.13046875 0.490277778125 0.11171875 0.5111111109375 0.09921875 0.5388888890625 0.090625 0.58194444375 0.09453125 0.6347222218749999 0.1078125 0.6763888890625 0.13203125 0.7041666671875 0.16953125 0.7194444437499999
5 0.23984375 0.83055555625 0.25390625 0.827777778125 0.259375 0.7763888890625 0.271875 0.7486111109375 0.271875 0.727777778125 0.2625 0.6861111109375 0.265625 0.6708333328125 0.2875 0.6569444437499999 0.30234375 0.6638888890625 0.30625 0.6736111109375 0.321875 0.6763888890625 0.31484375 0.63055555625 0.3046875 0.60694444375 0.27890625 0.575 0.253125 0.5666666671875 0.215625 0.575 0.196875 0.5958333328125 0.17734375 0.6388888890625 0.17109375 0.665277778125 0.1734375 0.7194444437499999 0.18828125 0.7625 0.20546875 0.7958333328125 0.23984375 0.83055555625
5 0.11015625 0.9986111109375001 0.16953125 0.9986111109375001 0.18515625 0.98194444375 0.203125 0.9513888890625 0.21328125 0.9125 0.2140625 0.8666666671875 0.20078125 0.8027777781250001 0.17734375 0.75555555625 0.15859375 0.73194444375 0.125 0.73055555625 0.084375 0.7569444437499999 0.0640625 0.797222221875 0.05546875 0.840277778125 0.0546875 0.872222221875 0.0671875 0.9277777781250001 0.08203125 0.9611111109375001 0.11015625 0.9986111109375001
1 0.2796875 0.91944444375 0.3015625 0.9611111109375001 0.33671875 0.9888888890624999 0.35703125 0.99444444375 0.38203125 0.9916666671875 0.39765625 0.975 0.41171875 0.94305555625 0.42890625 0.875 0.44140625 0.852777778125 0.43828125 0.8027777781250001 0.4265625 0.7638888890625 0.3984375 0.722222221875 0.36484375 0.6972222218749999 0.27734375 0.6583333328125 0.27109375 0.6583333328125 0.265625 0.6777777781250001 0.26875 0.7138888890625 0.25703125 0.8111111109375001 0.2703125 0.89444444375 0.2796875 0.91944444375
1 0.58359375 0.9472222218749999 0.58359375 0.9388888890624999 0.5703125 0.9166666671874999 0.54453125 0.85 0.5296875 0.8291666671875 0.503125 0.8125 0.47890625 0.8138888890624999 0.45546875 0.8333333328125001 0.425 0.8847222218749999 0.4203125 0.9 0.41328125 0.9444444437499999 0.4234375 0.9986111109375001 0.56484375 0.9986111109375001 0.58359375 0.9472222218749999
3 0.26640625 0.5708333328124999 0.2828125 0.5861111109375 0.3140625 0.325 0.316840625 0.294752778125 0.296875 0.31327222187500003 0.25625 0.3583333328125 0.24296875 0.40416666718750005 0.22109375 0.5388888890625 0.2203125 0.56805555625 0.22421875 0.5736111109375 0.252734375 0.5666666671875 0.26640625 0.5708333328124999
3 0.34140625 0.6777777781250001 0.353125 0.66805555625 0.36015625 0.6541666671875 0.365625 0.6263888890625 0.3654515625 0.5632722218749999 0.355034375 0.5246916671874999 0.363715625 0.50154305625 0.36631953125 0.47222222187499996 0.3498265625 0.35030833281249996 0.36805546875 0.331790278125 0.37734375 0.29444444375 0.3765625 0.28194444375 0.36953125 0.26805555625 0.35625 0.26944444375 0.34140625 0.28194444375 0.31875 0.3138888890625 0.2984375 0.54444444375 0.29921875 0.590277778125 0.31875 0.64305555625 0.3234375 0.672222221875 0.34140625 0.6777777781250001
6 0.09140625 0.25694444375000003 0.11015625 0.24583333281250003 0.121875 0.25 0.1421875 0.2875 0.15234375 0.28472222187499996 0.19453125 0.2416666671875 0.20234375 0.225 0.2125 0.18194444375000002 0.21015625 0.12222222187500001 0.203125 0.0958333328125 0.17734375 0.026388889062499997 0.15234375 0.0 0.0953125 0.0041666671875 0.08359375 0.040277778125000004 0.075 0.09444444375 0.065625 0.1263888890625 0.06875 0.15555555625 0.06484375 0.2208333328125 0.071875 0.24583333281250003 0.09140625 0.25694444375000003
